  -44.000000000000000       -7.8075128393084725E-004  -3.4299678007397538E-005   8.8364976097110484E-005   3.5691488183156243E-003   1.6241315412793167E-003   1.5643568342147843E-003
  -42.000000000000000       -9.0167827985931925E-004  -6.0059381248448402E-005   4.7534540188262132E-005   3.6910005200063789E-003   1.6842709791655760E-003   1.6586366831230135E-003
  -40.000000000000000       -1.0446275942074257E-003   1.3763274032038738E-005  -1.5691383221305629E-004   3.7163459527442943E-003   1.6616113806543651E-003   1.5987353280661372E-003
  -38.000000000000000       -7.4441883893305860E-004   1.5475354470393066E-004  -1.8506734572066289E-004   3.7794420471981035E-003   1.7301698787141155E-003   1.6538723244227706E-003
  -36.000000000000000       -8.4551040589286863E-004   2.0156558829445225E-004   1.3854610611105925E-005   3.6992629664834909E-003   1.6530838755820590E-003   1.6413796591189169E-003
  -34.000000000000000       -8.9202096701290756E-004   1.6492016655059242E-004   3.7383211241944385E-005   3.7164622401656107E-003   1.5594006487887218E-003   1.6298413793837479E-003
  -32.000000000000000       -1.2564650267565813E-003   1.3179383201021702E-004  -1.8693778761383770E-004   3.7322577230849748E-003   1.5038911128905431E-003   1.6218719958477213E-003
  -30.000000000000000       -1.4419014436202193E-003   2.5860206291219360E-005  -1.9868677493527472E-004   3.8668390891692431E-003   1.6521827785805309E-003   1.7024654928413856E-003
  -28.000000000000000       -1.7559354417675532E-003   4.8953738586305387E-005  -4.4086191889664258E-005   3.7084177106246775E-003   1.7153069365708447E-003   1.6004876524802929E-003
  -26.000000000000000       -1.8952844945973046E-003   1.4814045125546404E-004   1.8956623406684951E-004   3.7510808946966154E-003   1.6563554120169704E-003   1.5276068769249503E-003
  -24.000000000000000       -1.8585897235657844E-003   3.2598956546035806E-004   3.5592416973421077E-004   3.6624920038518280E-003   1.5960639861041436E-003   1.6177108403730375E-003
  -22.000000000000000       -1.8277687889028948E-003   3.7004451759527142E-004   4.2131798855118556E-004   3.8672898784450831E-003   1.4995514817421512E-003   1.7608246957900389E-003
  -20.000000000000000       -2.1066669447235009E-003   4.5519119580616357E-004   3.0145657572971154E-004   3.8211775322848072E-003   1.5624815483421353E-003   1.6137459405111355E-003
  -18.000000000000000       -2.5123535534939956E-003   6.0576802563875459E-004   2.5659674278714282E-004   3.8167457952080794E-003   1.5771007980814786E-003   1.6977622122099395E-003
  -16.000000000000000       -2.9576495793803836E-003   7.4616387578881451E-004   3.4184391433445948E-004   3.7851277318305724E-003   1.5746642836462811E-003   1.8027179240472440E-003
  -14.000000000000000       -3.1741452122368008E-003   1.0387581196636484E-003   3.7500178705511528E-004   3.7763327431473452E-003   1.4712481829474639E-003   1.6364904841772170E-003
  -12.000000000000000       -3.7091810125285951E-003   1.4510610462568760E-003   7.4140288684378087E-004   3.6900011771674977E-003   1.5252572295100999E-003   1.6491707901965717E-003
  -10.000000000000000       -4.4453957302922342E-003   1.9486071181459654E-003   1.3199076513377469E-003   3.6611222881890188E-003   1.5902758967302618E-003   1.6785289641051884E-003
  -8.0000000000000000       -5.4457569856619648E-003   2.7406983729857705E-003   2.2031348710267180E-003   3.6313288629777080E-003   1.6984301745314213E-003   1.7510994919484853E-003
  -6.0000000000000000       -7.2647135436429977E-003   3.8290068546885958E-003   3.8859852811774735E-003   3.7002318587496543E-003   1.8132159228521248E-003   1.7489989050640242E-003
  -4.0000000000000000       -9.1374058277761128E-003   4.9366193213932182E-003   6.7318528194147331E-003   3.6918965658006620E-003   1.7508762850806635E-003   1.7090898251475404E-003
  -2.0000000000000000       -8.2058135362039764E-003   4.0545936289858005E-003   9.0696813157052567E-003   3.6851004536292641E-003   1.6569529078007753E-003   1.6181101796836996E-003
   0.0000000000000000        2.8231570156750374E-003   4.4889981624693194E-003  -2.9493897636530190E-003   3.6362261940199956E-003   1.6469086436195512E-003   1.5433958504608236E-003
   2.0000000000000000        8.0947385114054082E-003   1.2223179289151211E-002  -1.0359367787848132E-002   3.7481416786382992E-003   1.6627402735234641E-003   1.8292314016381064E-003
   4.0000000000000000        8.2413218813103262E-003   1.1296087894847665E-002  -6.7908225486908074E-003   3.7747328801155198E-003   1.6300585546432397E-003   1.7842194400864016E-003
   6.0000000000000000        6.1666111397021828E-003   8.1255871110175824E-003  -3.6525652934077707E-003   3.7907219593025926E-003   1.6605254061380205E-003   1.7591553692386304E-003
   8.0000000000000000        4.9823690406172183E-003   5.7328759613244420E-003  -2.0223521961147402E-003   3.9049130239886781E-003   1.6642919213268295E-003   1.6409625480332496E-003
   10.000000000000000        3.9523135260869369E-003   4.1918177966716874E-003  -1.0988455607627008E-003   3.7648855294773460E-003   1.6503413051999604E-003   1.6563316155388593E-003
   12.000000000000000        3.0436449530293341E-003   2.9661912634575986E-003  -4.6498110343997441E-004   3.7526791508328437E-003   1.6806587569256437E-003   1.7125969559400570E-003
   14.000000000000000        2.3672498136232401E-003   2.1547238689956440E-003  -2.1384833836468522E-004   3.7889787844199384E-003   1.6292380017568606E-003   1.6139425253419498E-003
   16.000000000000000        1.8307387519740370E-003   1.6382936182383191E-003  -1.6522659127646334E-004   3.8017486244227546E-003   1.5897896712180459E-003   1.6441528375578647E-003
   18.000000000000000        1.4069788692284702E-003   1.2928192198434091E-003  -1.7608106856948171E-004   3.8540059275229462E-003   1.5613292919439943E-003   1.7783739300795335E-003
   20.000000000000000        1.1330453767615101E-003   9.8441440254646976E-004  -5.7354906666006616E-005   3.8334328797104229E-003   1.6592183901150861E-003   1.7470325465769735E-003
   22.000000000000000        9.1010516513589934E-004   7.4900471055003867E-004  -3.2167960618257925E-005   3.8340854212595989E-003   1.6893286006559125E-003   1.5230554706603572E-003
   24.000000000000000        8.2349024368133517E-004   7.0170060821207953E-004  -9.6633415777019470E-005   3.8214619482776161E-003   1.6172764922845538E-003   1.6448898795790368E-003
   26.000000000000000        4.3583494937904366E-004   5.9956660192433584E-004  -5.9948155824494552E-005   3.9374403535165628E-003   1.5950705225091239E-003   1.7069089996377949E-003
   28.000000000000000        3.0151377876175278E-004   5.2809154375283633E-004  -6.2231566310160408E-005   3.7189842068640526E-003   1.5197695505857998E-003   1.6751474100849151E-003
   30.000000000000000        2.4696861312700769E-004   4.2001000738418122E-004   5.3314141411356310E-005   3.5135253787627707E-003   1.5612179472492978E-003   1.6022507701054514E-003
   32.000000000000000        1.5999587141402039E-004   2.5829439816850636E-004   1.9776394854611581E-004   3.5772968141949079E-003   1.6506275028791970E-003   1.7078584517224041E-003
   34.000000000000000        1.5478536396784648E-004   2.1551359684435676E-004   2.2755789398302151E-004   3.6062767848814258E-003   1.6615500811268200E-003   1.7421601166737874E-003
   36.000000000000000        8.0441781589946082E-005   2.3557891254469615E-004   9.4361466282087892E-005   3.6799667587557442E-003   1.7640077864544059E-003   1.6509407982431604E-003
   38.000000000000000        2.0319739827412420E-006   3.0238966749977504E-004  -8.7715211471836051E-005   3.6785843589477265E-003   1.7909714171903688E-003   1.6113106703704832E-003
   40.000000000000000       -1.7095971873937188E-004   2.5564513400224711E-004  -4.3204980727317135E-005   3.7147864005917094E-003   1.7307782068940773E-003   1.7673045046821868E-003
   42.000000000000000       -2.8676618621203964E-004   1.4199457713039330E-004  -1.9088663481666093E-005   3.6240157157498036E-003   1.5850060441039110E-003   1.6966716009517737E-003
   44.000000000000000       -4.4413142902266500E-004   3.7543124200056574E-005   9.3786446921631471E-005   3.6035959923543959E-003   1.5853878581962599E-003   1.6571035246864016E-003
