  -44.000000000000000       -7.8785577883000446E-004   1.1646595154866334E-004  -3.3094860776827304E-005   3.5999831031917444E-003   1.6229441614270632E-003   1.6018736895169240E-003
  -42.000000000000000       -1.0859881393016080E-003   1.3795432237459569E-004  -1.4527629210219043E-004   3.6643838006004425E-003   1.6216052225249246E-003   1.7560580509805577E-003
  -40.000000000000000       -1.1589565916001465E-003   1.5234353068749646E-004  -1.8968959266552342E-004   3.6951784387064101E-003   1.6095827377639036E-003   1.7817531565875837E-003
  -38.000000000000000       -1.4391712283301494E-003   9.5608927163722381E-005  -2.0545123440742597E-004   3.8570674424943984E-003   1.5936622064364160E-003   1.7490829614884228E-003
  -36.000000000000000       -1.6443642555581395E-003   1.1677415537505111E-004  -9.2235173035982502E-005   3.9111161689876746E-003   1.6090158529287503E-003   1.6434174700779860E-003
  -34.000000000000000       -1.8243657770318222E-003   1.4468727525519467E-004  -8.6508867406936404E-005   3.9461946984166675E-003   1.6919923562853979E-003   1.6569618140039443E-003
  -32.000000000000000       -1.9392633032075945E-003   1.2876954840198470E-004  -1.5100684886910429E-004   3.7377477917522510E-003   1.7368959286740515E-003   1.6130622965532849E-003
  -30.000000000000000       -1.9315331599121244E-003   1.3032798043560113E-004  -2.0794551759557297E-004   3.5984939561180197E-003   1.7704006281286896E-003   1.6218346131516997E-003
  -28.000000000000000       -1.9958276270156672E-003   1.3694183336687317E-004  -2.4273285850739157E-004   3.6218393223692944E-003   1.7183860185369321E-003   1.5831516883847133E-003
  -26.000000000000000       -2.3480879506189156E-003   2.3702576985344553E-004  -1.8583262777618339E-004   3.5411122718807288E-003   1.6373138563626228E-003   1.6360282385035794E-003
  -24.000000000000000       -2.4564869376564324E-003   2.0255265167919368E-004  -2.6202625873446950E-006   3.4090798675800531E-003   1.6571904413548270E-003   1.5625707739879437E-003
  -22.000000000000000       -2.3809617111122394E-003   4.0310378422014773E-004  -8.7915916675621871E-005   3.4333496830710754E-003   1.6094444687232605E-003   1.6034989314671431E-003
  -20.000000000000000       -2.5086825544966551E-003   5.3615998959214166E-004  -2.7831837837558119E-004   3.5488745886404637E-003   1.6006733974721547E-003   1.5727353575105884E-003
  -18.000000000000000       -2.8235346601465094E-003   6.7823508559534062E-004  -3.6552176014183847E-004   3.6951169719080207E-003   1.5524638986220965E-003   1.6749156731046223E-003
  -16.000000000000000       -3.2841845236274425E-003   8.2365627702406078E-004  -4.1539296701843039E-004   3.7569336578714540E-003   1.4958568569840029E-003   1.6549155941546529E-003
  -14.000000000000000       -3.6889538879057993E-003   1.0445664728876859E-003  -7.0698162955799306E-004   3.8374486929816667E-003   1.6378536204051167E-003   1.5872053241297612E-003
  -12.000000000000000       -4.1466992157789262E-003   1.4041018679979533E-003  -8.9050614719094520E-004   3.9759374272190576E-003   1.7503701135025006E-003   1.6410599356144130E-003
  -10.000000000000000       -4.9445616954822968E-003   1.9543603537953706E-003  -1.2762567966700183E-003   3.9999371185711723E-003   1.6865154138314461E-003   1.7711482652431100E-003
  -8.0000000000000000       -6.0797994463887006E-003   2.7997841668538628E-003  -2.1713987041274826E-003   3.8419557678177202E-003   1.7339359108669459E-003   1.8280800051614443E-003
  -6.0000000000000000       -7.6838621073057611E-003   3.9460289298553436E-003  -3.7511290064323774E-003   3.7831437845268767E-003   1.6605713145084610E-003   1.6188984754667939E-003
  -4.0000000000000000       -9.4753469479238461E-003   4.9772626828787072E-003  -6.6079550941506079E-003   3.6345669379320576E-003   1.7213621488634944E-003   1.5394694744198165E-003
  -2.0000000000000000       -8.6044275023481331E-003   4.0413196158322817E-003  -8.8877834464746695E-003   3.6697393116808127E-003   1.7850450687178880E-003   1.7146254067366348E-003
   0.0000000000000000        2.5170030500071272E-003   4.5924832289731456E-003   3.0568833560775453E-003   3.6451386037221986E-003   1.7735981863793526E-003   1.5984539543425155E-003
   2.0000000000000000        8.0662209583490796E-003   1.2381400184773699E-002   1.0464368963478949E-002   3.7484529480711747E-003   1.7126017308431575E-003   1.7677829110747220E-003
   4.0000000000000000        8.2659210903505143E-003   1.1448551466585744E-002   6.7153040387261101E-003   3.7546705922059265E-003   1.7850090802806037E-003   1.8798603721961250E-003
   6.0000000000000000        6.1184379228630403E-003   8.1381289089708393E-003   3.5186755694614955E-003   3.7383620182520139E-003   1.8093787451152117E-003   1.8251372485518422E-003
   8.0000000000000000        4.8251555363826304E-003   5.5026647238492644E-003   1.8704850632565845E-003   3.6772504452223845E-003   1.7788129300183423E-003   1.6460210825767047E-003
   10.000000000000000        3.6851254165236602E-003   3.7413370768598492E-003   1.1228270271094259E-003   3.7336511844918647E-003   1.7067155143374133E-003   1.5559744529356611E-003
   12.000000000000000        2.7793567110400152E-003   2.7349042071333836E-003   8.8188508474821268E-004   3.7911613938152429E-003   1.6572996897048636E-003   1.5411252003285981E-003
   14.000000000000000        1.9127204181603741E-003   2.0741361984541744E-003   6.0037015106826318E-004   3.8642471653421739E-003   1.6444735572047455E-003   1.6016363754656373E-003
   16.000000000000000        1.4669067479512465E-003   1.6098944250053412E-003   4.3194953571495969E-004   3.7822676457065023E-003   1.6001400296900710E-003   1.7064466241700233E-003
   18.000000000000000        1.1189794930465125E-003   1.1431878583346262E-003   2.2101305552014265E-004   3.7825148807551336E-003   1.5699586079578744E-003   1.7721642171395252E-003
   20.000000000000000        8.8008542839335124E-004   8.4537253754786478E-004   1.9576876652882655E-005   3.6586835777405085E-003   1.5834567646021019E-003   1.6852818746353182E-003
   22.000000000000000        8.1789747540139679E-004   8.0755070510602238E-004   1.1946017511961825E-005   3.6942715529424569E-003   1.6685456830008332E-003   1.5366613320709950E-003
   24.000000000000000        5.9500589924943448E-004   6.3275286057466198E-004  -1.2339553604776220E-005   3.6289412840020238E-003   1.6676648210124391E-003   1.6836590818442622E-003
   26.000000000000000        3.6569613588965932E-004   4.9963533662440761E-004  -3.4729992063679516E-005   3.7726696799098521E-003   1.7568416770926585E-003   1.7726839390151119E-003
   28.000000000000000        1.9616059216331916E-004   3.5262024099936494E-004   5.9828939419077024E-006   3.7801265028633998E-003   1.7555991454738357E-003   1.7085308578429204E-003
   30.000000000000000        3.4894549399600017E-004   3.5547887880561790E-004   8.3215490883694650E-005   3.8390589979212563E-003   1.7206767900863416E-003   1.6252288656989412E-003
   32.000000000000000        4.0024976534580592E-004   3.6082160580754670E-004   1.5886362888792825E-004   3.8048484662655561E-003   1.6480207474522408E-003   1.7460051669438361E-003
   34.000000000000000        2.4755395545905667E-004   3.7106972733497721E-004   1.9133019375233820E-005   3.7949898952125377E-003   1.6033170411109642E-003   1.7538731373402290E-003
   36.000000000000000       -3.8628427326825587E-006   3.3058863266349119E-004  -9.4239819197940172E-006   3.6627030697551966E-003   1.5961024900255367E-003   1.7075290879453133E-003
   38.000000000000000       -1.2774663631021088E-004   2.6970679599177719E-004  -4.7535649364619705E-005   3.6628887766395634E-003   1.6284737588854418E-003   1.7941006321063023E-003
   40.000000000000000       -5.1656105138253583E-004   1.8744283553617593E-004   2.8369300345877091E-005   3.6783231569398949E-003   1.5816663439470427E-003   1.7086981906479241E-003
   42.000000000000000       -6.4815486812663803E-004   1.8973719689650311E-004   1.0988241631197887E-004   3.5458178060190104E-003   1.5489022596108255E-003   1.7037045939774457E-003
   44.000000000000000       -5.7277918211151579E-004   1.6190289870515975E-004   1.0754856304740066E-004   3.3768084789477493E-003   1.5514386446740921E-003   1.6275185345489211E-003
