   0.0000000000000000        6.5303096376738645E-030   3.8998470592600445E-031
   5.0000000000000034E-004   9.9706841255648706E-004   7.2848321367954423E-007
   1.0000000000000007E-003   1.9899965656672066E-003   1.4120137870119037E-006
   1.5000000000000009E-003   2.9806557846228658E-003   2.5473071363272772E-006
   2.0000000000000013E-003   3.9663299586166247E-003   3.2731944421999614E-006
   2.5000000000000014E-003   4.9484428685738317E-003   3.9701454759004344E-006
   3.0000000000000018E-003   5.9352093251769664E-003   4.7839821824440293E-006
   3.5000000000000027E-003   6.9062882536939010E-003   5.8348144133234786E-006
   4.0000000000000027E-003   7.8742603622971030E-003   6.3330063848474569E-006
   5.0000000000000027E-003   9.8099786405703281E-003   7.4940974102729645E-006
   5.5000000000000032E-003   1.0776544109933126E-002   7.8802230909312476E-006
   6.5000000000000049E-003   1.2700126695827901E-002   9.9348664541740458E-006
   7.5000000000000058E-003   1.4595038146362484E-002   1.0496213538682404E-005
   9.0000000000000063E-003   1.7435898155366919E-002   1.1246235834153735E-005
   1.0499999999999992E-002   2.0260448437340078E-002   1.2291965641153249E-005
   1.2499999999999987E-002   2.4011589109778443E-002   1.5928517276490976E-005
   1.5000000000000012E-002   2.8635537172023065E-002   1.9943526010209109E-005
   1.7499999999999995E-002   3.3216252869564408E-002   2.5639080193807161E-005
   2.0499999999999980E-002   3.8689023090591253E-002   3.0111946970405550E-005
   2.4000000000000014E-002   4.5009531744547894E-002   3.3498041091524670E-005
   2.8000000000000021E-002   5.2183830310236913E-002   4.0037259058095691E-005
   3.2999999999999967E-002   6.1032096815016632E-002   4.7132523104180979E-005
   3.9000000000000000E-002   7.1506029927066686E-002   4.8579165860425827E-005
   4.5500000000000061E-002   8.2696795982277013E-002   5.7552558172102953E-005
   5.3500000000000068E-002   9.6399507725870845E-002   6.2726996095961677E-005
   6.3000000000000056E-002  0.11238493073607697        7.7924224814818733E-005
   7.3999999999999927E-002  0.13050651438013119        9.6246294186081718E-005
   8.6999999999999980E-002  0.15183778080345928        1.1938933440900635E-004
  0.10200000000000009       0.17593166083715706        1.5397184961284742E-004
  0.12000000000000009       0.20440807463704086        1.5509090312555403E-004
  0.14100000000000001       0.23734252822476962        1.8660524748024846E-004
  0.16549999999999990       0.27505624708952187        2.0671405990151947E-004
  0.19449999999999981       0.31909846270151088        2.2975502245182233E-004
  0.22850000000000026       0.37000533091133148        2.8892663386003819E-004
  0.26849999999999985       0.42929293561035137        3.5649449336626500E-004
  0.31550000000000006       0.49775963409384094        4.1639506155644913E-004
  0.37049999999999988       0.57718010042030998        4.3485883155806122E-004
  0.43550000000000033       0.67008132829348777        5.6908199745591337E-004
  0.51150000000000073       0.77753333107136069        6.4326188459231108E-004
  0.60099999999999931       0.90278079713006099        6.9278992170679799E-004
  0.70649999999999902        1.0488130466510266        8.5859570975189590E-004
  0.82999999999999885        1.2182562700410966        1.0391459734036131E-003
  0.97500000000000098        1.4181577357320931        1.1663918174052174E-003
   1.1454999999999989        1.6535994887772751        1.3818566554213956E-003
   1.3460000000000023        1.9302684567696751        1.5938059440331741E-003
   1.5810000000000020        2.2574402738514587        1.8968060487238887E-003
   1.8575000000000015        2.6452801353317010        2.2730469916447606E-003
   2.1825000000000019        3.1069906939439704        2.4474516728424022E-003
   2.5645000000000007        3.6563355723240121        3.1142382271242041E-003
   3.0130000000000030        4.3121683685144125        3.5805697244883626E-003
   3.5395000000000021        5.1007613851709381        4.1457396024386639E-003
   4.1589999999999971        6.0531674657400636        4.7107027322796707E-003
   4.8860000000000019        7.2100748534350538        6.1979727581201035E-003
   5.7410000000000005        8.6193897524474323        7.0679031757141762E-003
   6.7450000000000037        10.343069639178131        8.3331677580675938E-003
   7.9245000000000099        12.462215091305730        1.0076734920036606E-002
   9.3105000000000011        15.067764820165301        1.1467601635029964E-002
   10.938999999999997        18.277970548236869        1.4786752541350621E-002
   12.851999999999984        22.293300229291106        1.6897112750584538E-002
   15.100000000000016        27.304711823215925        2.0706247809813422E-002
   17.740500000000011        33.592234984250602        2.7090426307651787E-002
   20.843499999999970        41.482919174695319        3.5786217315255692E-002
   24.489000000000019        51.380128477231104        4.2302848751404991E-002
   28.771999999999984        63.897208899131023        5.0650707280646697E-002
   33.804000000000038        79.633030892217590        6.3609434146833746E-002
   39.716500000000003        99.540097490182461        8.0519751952867771E-002
   46.662499999999945        124.59438638286649        9.8436942302407418E-002
   54.824000000000041        155.98209406660666       0.12717764925480965     
   64.412499999999937        195.11757551709377       0.16175921988707231     
   75.677999999999912        243.73179357911621       0.20973471508139890     
   88.914000000000016        303.60809757399852       0.25182641764388225     
   104.46500000000009        377.23348261128501       0.34536468189603259     
   122.73549999999983        466.94732674136316       0.46635658055145834     
   144.20150000000001        575.40423012571682       0.68303048163224478     
   169.42199999999997        705.42998214755676       0.92449190324671549     
   199.05350000000001        860.34386597331138        1.2930435799826359     
   233.86750000000018        1044.3394597293257        1.9220670234052584     
   274.77050000000008        1261.2217436334013        2.5301396833395464     
   322.82700000000006        1516.6217179160355        3.4503414368151590     
   379.28900000000039        1817.0204770223925        4.5530117119375806     
   445.62549999999931        2170.4706835592883        6.0624164126202142     
   523.56450000000029        2586.8630907376310        7.9778982657494879     
   615.13450000000000        3076.0090526414060        10.299099020653607     
   722.72000000000060        3650.7644059395102        13.158282858153623     
   849.12200000000098        4327.6452033966816        17.033952672538092     
   997.63100000000077        5122.7360473889157        22.493671370359184     
   1172.1145000000008        6060.4565484048144        30.320853808047708     
   1377.1145000000001        7163.0595682571275        42.082066816954281     
   1617.9685000000015        8457.0121463328487        57.614426130196144     
   1900.9470000000001        9972.2259969054503        77.435214921276540     
   2233.4180000000024        11737.779241383649        104.04762231309988     
   2624.0375000000031        13794.398468480913        143.17299907255946     
   3082.9750000000035        16254.653194075023        191.83345083305463     
   3622.1799999999953        19165.154280819686        255.68481334552109     
   4255.6900000000014        22563.986095997738        312.46516521216427     
   5000.0000000000000        26767.083175423639        378.83661236257626     
