   0.0000000000000000        4.9106016340497897E-031   2.6696829694729505E-032
   2.0000000000000012E-004   3.7782226360393121E-004   1.5338844635698802E-007
   4.0000000000000024E-004   7.2325689777288070E-004   2.6799431109755038E-007
   6.0000000000000049E-004   1.0414536103992794E-003   3.7446043308098521E-007
   8.0000000000000047E-004   1.3359299626986608E-003   5.5572201420393224E-007
   1.0000000000000007E-003   1.6113341488637589E-003   6.0862884107311810E-007
   1.2000000000000010E-003   1.8681665573597314E-003   6.4547424283596938E-007
   1.3999999999999989E-003   2.1100730881122888E-003   7.6979421005451058E-007
   1.6000000000000009E-003   2.3380743365226083E-003   9.0436593223439250E-007
   2.0000000000000013E-003   2.7610174677683871E-003   1.2003925265046332E-006
   2.4000000000000020E-003   3.1451624583553424E-003   1.4519147582776224E-006
   2.7999999999999978E-003   3.4969489786622126E-003   1.3589110175399427E-006
   3.4000000000000063E-003   3.9762469087524979E-003   1.6507734621367067E-006
   4.0000000000000027E-003   4.4069180373494362E-003   1.8097518501991233E-006
   4.8000000000000039E-003   4.9241329412190154E-003   2.0387153637446195E-006
   5.8000000000000091E-003   5.5007677523343625E-003   2.3596448216454375E-006
   7.0000000000000053E-003   6.1108727469480345E-003   2.6887944549303534E-006
   8.1999999999999955E-003   6.6557888902683150E-003   2.7918250827397128E-006
   9.7999999999999962E-003   7.3031148187025167E-003   3.2329161250844716E-006
   1.1800000000000005E-002   8.0164991617894948E-003   3.8763951727920594E-006
   1.4000000000000011E-002   8.7098074927995078E-003   4.4476988278608361E-006
   1.6800000000000009E-002   9.4816256163211803E-003   4.8283114554374219E-006
   2.0000000000000011E-002   1.0255724639540335E-002   5.4305495024910243E-006
   2.4000000000000014E-002   1.1105048676601064E-002   6.9439529184988097E-006
   2.8599999999999973E-002   1.1954353611231452E-002   7.2700631860754776E-006
   3.4199999999999987E-002   1.2866002792595560E-002   8.1825346531973344E-006
   4.0799999999999961E-002   1.3789195393664884E-002   9.1704064647908247E-006
   4.8799999999999968E-002   1.4773142489747558E-002   1.1602654761070017E-005
   5.8199999999999925E-002   1.5764398137415151E-002   1.2365824437481741E-005
   6.9399999999999934E-002   1.6809442253709960E-002   1.5016034823674521E-005
   8.3000000000000101E-002   1.7909222922351347E-002   1.6077003925296132E-005
   9.9000000000000130E-002   1.9026424531737675E-002   1.6734161237434719E-005
  0.11819999999999990        2.0199201796517602E-002   1.7677913532528111E-005
  0.14120000000000013        2.1406909143819475E-002   2.2885650761199277E-005
  0.16859999999999981        2.2628017222603519E-002   2.8323332040454031E-005
  0.20120000000000002        2.3914996608148095E-002   3.0860727834650465E-005
  0.24019999999999983        2.5225212041122567E-002   3.0480569131745170E-005
  0.28679999999999983        2.6570873713276558E-002   3.4022070959683368E-005
  0.34240000000000015        2.7929163971578914E-002   3.8188091445257468E-005
  0.40879999999999961        2.9354416387345147E-002   4.5491460416739011E-005
  0.48819999999999975        3.0832282305487277E-002   5.1303455321338670E-005
  0.58279999999999954        3.2293031412416726E-002   5.7665440551258300E-005
  0.69599999999999984        3.3807360570065580E-002   6.1750895203855689E-005
  0.83080000000000143        3.5375718871640469E-002   7.0995674891976974E-005
  0.99199999999999899        3.6975459572304387E-002   7.7522617710717016E-005
   1.1843999999999981        3.8649295607562542E-002   8.2556245009905078E-005
   1.4141999999999988        4.0281801030520870E-002   8.8640158618583320E-005
   1.6885999999999979        4.1982513626991097E-002   9.0398324447451243E-005
   2.0160000000000018        4.3826472796340124E-002   9.7812529711799074E-005
   2.4069999999999996        4.5757972959822632E-002   1.1360092787956598E-004
   2.8739999999999974        4.7851492893423699E-002   1.3218475307603803E-004
   3.4313999999999973        4.9850532889280597E-002   1.5313570299542060E-004
   4.0968000000000009        5.1980821834879704E-002   1.5599917670297068E-004
   4.8916000000000004        5.4312591590185422E-002   1.5449631937386579E-004
   5.8401999999999967        5.6684214607859100E-002   1.8837536680366008E-004
   6.9730000000000087        5.9298255982544332E-002   2.0942180562754073E-004
   8.3256000000000050        6.2116158910619508E-002   2.5787815752184899E-004
   9.9403999999999968        6.5019990976310976E-002   2.5680136707089372E-004
   11.868399999999989        6.8449340356509278E-002   3.2576204012608193E-004
   14.170399999999981        7.2097882551495990E-002   3.4367559570256832E-004
   16.918800000000005        7.6328748566376697E-002   3.9005336941059924E-004
   20.200399999999970        8.0613466884014606E-002   4.6390506746324866E-004
   24.118400000000008        8.6025995090241933E-002   4.9859406336239616E-004
   28.796599999999959        9.1971240626366468E-002   5.2444492578024836E-004
   34.381800000000055        9.8637284843508796E-002   6.1186886993508090E-004
   41.050600000000024       0.10629071887728393        7.0530272669566544E-004
   49.012799999999977       0.11478924054550413        8.0838759136642375E-004
   58.519200000000069       0.12512357695221116        9.6309081677310531E-004
   69.869600000000005       0.13676501772879232        1.0453240568288357E-003
   83.421599999999955       0.14987321409680676        1.2017069420159397E-003
   99.601999999999919       0.16574601830189314        1.4144459669308512E-003
   118.92079999999993       0.18278496758816071        1.6789082633615912E-003
   141.98660000000012       0.20328529452245295        1.9089360771095160E-003
   169.52620000000019       0.22726747400460756        2.1335214530809631E-003
   202.40740000000002       0.25553166807784994        2.4354027910941547E-003
   241.66640000000004       0.28897594663863263        2.9888964235165300E-003
   288.54000000000048       0.32821521225786887        3.5411924003743212E-003
   344.50519999999972       0.37277961248032065        4.2707640519841650E-003
   411.32519999999960       0.42698909533814428        4.9601342003436199E-003
   491.10580000000044       0.49075249472720212        5.8606143815219912E-003
   586.36059999999998       0.56561469377072793        7.0092903594333308E-003
   700.09100000000024       0.65453099546591464        8.4455021681798439E-003
   835.88059999999894       0.75795216107583940        1.0245384172287091E-002
   998.00779999999952       0.88326172384563995        1.2091155879825533E-002
   1191.5809999999999        1.0301280456174615        1.4511857395648892E-002
   1422.6998000000010        1.2070993723963195        1.7571359208370597E-002
   1698.6463999999987        1.4165028375310500        2.1434375987853492E-002
   2028.1156000000019        1.6648154611089387        2.5863576231237931E-002
   2421.4884000000015        1.9599696927549872        3.1048815426076605E-002
   2891.1597999999967        2.3117440851478994        3.7770938242612739E-002
   3451.9286000000056        2.7224682610805484        4.5791384472528278E-002
   4121.4637999999986        3.2170874065301676        5.5688504509472832E-002
   4920.8621999999978        3.8095545774716784        6.8550352509028301E-002
   5875.3116000000000        4.5229038740992324        8.4276424281294823E-002
   7014.8857999999937        5.3657526559578805       0.10048158425491675     
   8375.4914000000008        6.3969899952630378       0.12114174082099156     
   10000.000000000000        7.6339111804385897       0.15194370960708459     
