   0.0000000000000000        4.9605040625111478E-031   2.8846723766404851E-032
   2.0000000000000012E-004   3.8104067329982526E-004   8.4192622783265233E-007
   4.0000000000000024E-004   7.3312201025973697E-004   1.6161539877990275E-006
   6.0000000000000049E-004   1.0576807577621029E-003   2.5420445136840583E-006
   8.0000000000000047E-004   1.3614706865060350E-003   2.9287188191539188E-006
   1.0000000000000007E-003   1.6501061481682731E-003   3.5493564460970548E-006
   1.2000000000000010E-003   1.9196720868921531E-003   4.5164337282206978E-006
   1.3999999999999989E-003   2.1797129198312371E-003   5.1377870447256686E-006
   1.6000000000000009E-003   2.4255811390188902E-003   5.7312730876300595E-006
   2.0000000000000013E-003   2.8782198071188804E-003   6.4189452377672070E-006
   2.4000000000000020E-003   3.2994805728896585E-003   7.4537209685588606E-006
   2.7999999999999978E-003   3.6805038949179292E-003   7.9187630441891938E-006
   3.4000000000000063E-003   4.2120317876300686E-003   1.0570946897737479E-005
   4.0000000000000027E-003   4.6942973740791401E-003   1.1866063953419444E-005
   4.8000000000000039E-003   5.2837579790913662E-003   1.2361346090360832E-005
   5.8000000000000091E-003   5.9434586827968490E-003   1.4803819668552423E-005
   7.0000000000000053E-003   6.6439636587797375E-003   1.3973431965584589E-005
   8.1999999999999955E-003   7.2797055244173776E-003   1.7006318001833307E-005
   9.7999999999999962E-003   8.0349175853869897E-003   1.9499999052728377E-005
   1.1800000000000005E-002   8.8558430603442526E-003   2.1786291636856870E-005
   1.4000000000000011E-002   9.6526155966361969E-003   2.1869701279385453E-005
   1.6800000000000009E-002   1.0577377298158325E-002   2.5955303681913849E-005
   2.0000000000000011E-002   1.1510129633668504E-002   3.3544205815479293E-005
   2.4000000000000014E-002   1.2504418833268546E-002   3.9653985905676354E-005
   2.8599999999999973E-002   1.3463484745317838E-002   3.8437000382120948E-005
   3.4199999999999987E-002   1.4518976698547516E-002   3.6132711025911989E-005
   4.0799999999999961E-002   1.5581499411377925E-002   3.7286308862066499E-005
   4.8799999999999968E-002   1.6666976790968679E-002   4.2839070220252648E-005
   5.8199999999999925E-002   1.7803818377357578E-002   5.3563673832619763E-005
   6.9399999999999934E-002   1.9012646088487854E-002   4.9283595155232249E-005
   8.3000000000000101E-002   2.0230182409167033E-002   5.4905927831009069E-005
   9.9000000000000130E-002   2.1331462825016887E-002   6.6824275292432414E-005
  0.11819999999999990        2.2683140490436540E-002   6.9802608289998308E-005
  0.14120000000000013        2.3993508421052637E-002   6.9673740064204480E-005
  0.16859999999999981        2.5399767547135313E-002   7.6486755401960831E-005
  0.20120000000000002        2.6840653202711659E-002   7.7091274810398583E-005
  0.24019999999999983        2.8255643696301250E-002   7.7165992076849433E-005
  0.28679999999999983        2.9745959957649431E-002   8.4426438693560504E-005
  0.34240000000000015        3.1333037061978153E-002   8.4365400444565063E-005
  0.40879999999999961        3.2754690643117007E-002   1.0522346476554698E-004
  0.48819999999999975        3.4330533149568972E-002   1.0136409919040673E-004
  0.58279999999999954        3.5979067449806328E-002   1.2226319576347388E-004
  0.69599999999999984        3.7755634688873496E-002   1.2838587062905505E-004
  0.83080000000000143        3.9481168832497554E-002   1.3776580403593376E-004
  0.99199999999999899        4.1194619509990121E-002   1.5778776732791678E-004
   1.1843999999999981        4.2969725969748566E-002   1.5717776659677861E-004
   1.4141999999999988        4.4866361461294982E-002   1.8238371906011098E-004
   1.6885999999999979        4.6698968051699943E-002   1.8643028009536109E-004
   2.0160000000000018        4.8908626196435961E-002   1.9559930690743978E-004
   2.4069999999999996        5.1172025168021829E-002   2.1915066570868432E-004
   2.8739999999999974        5.3437079852622416E-002   2.5426693284710469E-004
   3.4313999999999973        5.5742683172936611E-002   2.3453029344430354E-004
   4.0968000000000009        5.8297543681699579E-002   2.5806252530237341E-004
   4.8916000000000004        6.1041539308147569E-002   2.5972549626579353E-004
   5.8401999999999967        6.3834266525110386E-002   3.0450774430355111E-004
   6.9730000000000087        6.7167630165012843E-002   3.4903458975968279E-004
   8.3256000000000050        7.0459513977797344E-002   4.0155287046107394E-004
   9.9403999999999968        7.3689713522964398E-002   4.5231689085969772E-004
   11.868399999999989        7.8185316025116094E-002   4.6269322085580925E-004
   14.170399999999981        8.2730055026126431E-002   5.1626253510258905E-004
   16.918800000000005        8.7959492111554280E-002   5.1896654503850591E-004
   20.200399999999970        9.3257762786516762E-002   6.7489715843593412E-004
   24.118400000000008       0.10024163814445332        7.8469277109593919E-004
   28.796599999999959       0.10802304710271281        8.1853992452795134E-004
   34.381800000000055       0.11653824340086698        9.1049995318367646E-004
   41.050600000000024       0.12638212389036613        1.0628465385586045E-003
   49.012799999999977       0.13691763581583127        1.1759357502429352E-003
   58.519200000000069       0.14962210763249117        1.2545593560586833E-003
   69.869600000000005       0.16494163266698111        1.4770149413322285E-003
   83.421599999999955       0.18240698379652998        1.6603067820713554E-003
   99.601999999999919       0.20298420089499886        1.9603966898677837E-003
   118.92079999999993       0.22487898472409701        2.2961831082586905E-003
   141.98660000000012       0.25110792760888651        2.6019700709264235E-003
   169.52620000000019       0.28225265529061427        3.0538778776038927E-003
   202.40740000000002       0.31815074871570176        3.8918275963583924E-003
   241.66640000000004       0.35900567975382469        4.5065854470292023E-003
   288.54000000000048       0.40972037369988767        5.0343139058505407E-003
   344.50519999999972       0.46580380654568954        6.0305372900008019E-003
   411.32519999999960       0.53406894926503645        7.2586840355252629E-003
   491.10580000000044       0.61266542262067858        7.9962244561225283E-003
   586.36059999999998       0.70467561060347084        9.7340755971443409E-003
   700.09100000000024       0.81337113205960965        1.1408482404282227E-002
   835.88059999999894       0.94283776997857738        1.3903846962216623E-002
   998.00779999999952        1.0961451691859272        1.6112053291461113E-002
   1191.5809999999999        1.2784158956817460        1.9211904376759601E-002
   1422.6998000000010        1.4966758618074190        2.2940660057362172E-002
   1698.6463999999987        1.7535892508134436        2.7224427766747283E-002
   2028.1156000000019        2.0538350438328852        3.2924934529910070E-002
   2421.4884000000015        2.4140980662968285        4.0209850636146668E-002
   2891.1597999999967        2.8403536698983776        4.9432872254211002E-002
   3451.9286000000056        3.3375951705571478        6.0444131099064394E-002
   4121.4637999999986        3.9426456385630164        7.3927953540858099E-002
   4920.8621999999978        4.6612739613305134        9.3601353962568384E-002
   5875.3116000000000        5.5199561659906493       0.11780736796569163     
   7014.8857999999937        6.5267042673754876       0.14712240618649752     
   8375.4914000000008        7.7649929517447704       0.18414504656740813     
   10000.000000000000        9.1607070885057649       0.23529512942338382     
