   0.0000000000000000        4.6730015025731066E-031   2.6234955351771978E-032
   2.0000000000000012E-004   3.5518958451016336E-004   7.8550049472789282E-007
   4.0000000000000024E-004   6.5810377198038386E-004   1.6313763676708142E-006
   6.0000000000000049E-004   9.2633878822928649E-004   2.3977980154946230E-006
   8.0000000000000047E-004   1.1660420053100234E-003   3.0306758961929311E-006
   1.0000000000000007E-003   1.3829683853562381E-003   3.8028408604633853E-006
   1.2000000000000010E-003   1.5777800685060751E-003   4.5803601011927299E-006
   1.3999999999999989E-003   1.7571120151892224E-003   4.8450099851565252E-006
   1.6000000000000009E-003   1.9188796000993642E-003   5.4187359530368584E-006
   2.0000000000000013E-003   2.2159858976992190E-003   5.7849916262016214E-006
   2.4000000000000020E-003   2.4845540327938379E-003   6.6264073548062373E-006
   2.7999999999999978E-003   2.7218432629687738E-003   7.6547298459318628E-006
   3.4000000000000063E-003   3.0385624295609821E-003   8.4854301837812795E-006
   4.0000000000000027E-003   3.3191944984034744E-003   9.4606058122421608E-006
   4.8000000000000039E-003   3.6497099004563780E-003   1.0866472933292482E-005
   5.8000000000000091E-003   4.0068947912386219E-003   1.1589740457266213E-005
   7.0000000000000053E-003   4.3831603029770277E-003   1.3965707652104418E-005
   8.1999999999999955E-003   4.7071776190804899E-003   1.6351389653106998E-005
   9.7999999999999962E-003   5.0779446603401758E-003   1.5036239000466209E-005
   1.1800000000000005E-002   5.4752906681701467E-003   1.6142778436952006E-005
   1.4000000000000011E-002   5.8674818535775636E-003   1.9357538434177396E-005
   1.6800000000000009E-002   6.2991642340628727E-003   2.0441445480561927E-005
   2.0000000000000011E-002   6.7067615335348633E-003   2.0265305890484214E-005
   2.4000000000000014E-002   7.1338332724838055E-003   2.1830810905795633E-005
   2.8599999999999973E-002   7.5775242662340170E-003   2.5278067235527046E-005
   3.4199999999999987E-002   8.0383970588846099E-003   2.9582757396943874E-005
   4.0799999999999961E-002   8.4774281280710854E-003   3.5442224848080981E-005
   4.8799999999999968E-002   8.9395125042714425E-003   3.5537405314133542E-005
   5.8199999999999925E-002   9.4280706482888325E-003   4.0096991638145150E-005
   6.9399999999999934E-002   9.8808183296985649E-003   4.0149907678065892E-005
   8.3000000000000101E-002   1.0326180981959181E-002   4.4887927762125729E-005
   9.9000000000000130E-002   1.0773594937679895E-002   4.8000705145477187E-005
  0.11819999999999990        1.1257487666701147E-002   4.9643947057707097E-005
  0.14120000000000013        1.1733307469985448E-002   5.4748632093282662E-005
  0.16859999999999981        1.2208702962308447E-002   4.9944126754910538E-005
  0.20120000000000002        1.2677643144897267E-002   5.4037084753327408E-005
  0.24019999999999983        1.3067593605437647E-002   5.9655587029865795E-005
  0.28679999999999983        1.3527029431673249E-002   5.8426227185573244E-005
  0.34240000000000015        1.3955517618266812E-002   6.4216935259493017E-005
  0.40879999999999961        1.4416441714969287E-002   6.7636885806391698E-005
  0.48819999999999975        1.4873075967181638E-002   6.7168244216145995E-005
  0.58279999999999954        1.5287104769161541E-002   7.3389753900505200E-005
  0.69599999999999984        1.5650820578253045E-002   7.3960035468680215E-005
  0.83080000000000143        1.6020646059125693E-002   7.4491472102732615E-005
  0.99199999999999899        1.6398388125564860E-002   7.9338156279814873E-005
   1.1843999999999981        1.6782307947591467E-002   9.0747485836324910E-005
   1.4141999999999988        1.7061279533663182E-002   9.4050398864299454E-005
   1.6885999999999979        1.7410184358194927E-002   9.1614575516558706E-005
   2.0160000000000018        1.7776439833864576E-002   9.8644729756362800E-005
   2.4069999999999996        1.7943478465920124E-002   9.0880576426085057E-005
   2.8739999999999974        1.8178780456880948E-002   1.0084446613737140E-004
   3.4313999999999973        1.8402877799981145E-002   1.1476791386453471E-004
   4.0968000000000009        1.8585943446509330E-002   1.1276667394219859E-004
   4.8916000000000004        1.8681414104460194E-002   1.1386713534184342E-004
   5.8401999999999967        1.9010029386610991E-002   1.2051364831929438E-004
   6.9730000000000087        1.9144266171695637E-002   1.2524394004400976E-004
   8.3256000000000050        1.9371884568842604E-002   1.3409011680476710E-004
   9.9403999999999968        1.9528601737291928E-002   1.5120322626728178E-004
   11.868399999999989        1.9570116926000230E-002   1.4396283279837502E-004
   14.170399999999981        1.9795201663365111E-002   1.4796906656141379E-004
   16.918800000000005        1.9967203431148786E-002   1.6752168901804107E-004
   20.200399999999970        2.0125876040995572E-002   1.6289444225086827E-004
   24.118400000000008        2.0434222371527231E-002   1.6501505985986068E-004
   28.796599999999959        2.0616137520462718E-002   1.8490785901917185E-004
   34.381800000000055        2.0866486452940473E-002   1.9356958202989671E-004
   41.050600000000024        2.0988273534826379E-002   1.9929936585688502E-004
   49.012799999999977        2.1307824135073251E-002   2.1661118872371284E-004
   58.519200000000069        2.1777029094155659E-002   2.3456478574887771E-004
   69.869600000000005        2.2006988300131456E-002   2.5496675580146191E-004
   83.421599999999955        2.2432556929218972E-002   2.7889683225070248E-004
   99.601999999999919        2.2718403917891938E-002   2.8707484859365618E-004
   118.92079999999993        2.3105709098314182E-002   3.1268655450501591E-004
   141.98660000000012        2.3549935354418385E-002   3.2654919778927658E-004
   169.52620000000019        2.4207401211864894E-002   3.4805833102541980E-004
   202.40740000000002        2.4884796577802109E-002   4.1385411287644128E-004
   241.66640000000004        2.5217469516648973E-002   4.3024927464752695E-004
   288.54000000000048        2.6232755782445407E-002   4.9104312649489760E-004
   344.50519999999972        2.7156485504359444E-002   5.4832216468357175E-004
   411.32519999999960        2.8281110060774089E-002   6.1009850562787410E-004
   491.10580000000044        2.9598700530445013E-002   7.1165911352430531E-004
   586.36059999999998        3.1049107214535493E-002   7.9515337472917547E-004
   700.09100000000024        3.2412290725274115E-002   8.6257413481584508E-004
   835.88059999999894        3.4407269174246483E-002   1.0325667651264392E-003
   998.00779999999952        3.6636674864685491E-002   1.2199841967960438E-003
   1191.5809999999999        3.9262623023441405E-002   1.4289528841898340E-003
   1422.6998000000010        4.2122034722508347E-002   1.6338016620281767E-003
   1698.6463999999987        4.5552958730549160E-002   1.8901087288994659E-003
   2028.1156000000019        4.9585323277571682E-002   2.1942784697955779E-003
   2421.4884000000015        5.4085682263456315E-002   2.4650234811280499E-003
   2891.1597999999967        5.9221016391843677E-002   2.8483996403789549E-003
   3451.9286000000056        6.5398204245026140E-002   3.3112420334930007E-003
   4121.4637999999986        7.2976542766335403E-002   3.8771165189263159E-003
   4920.8621999999978        8.1504556033250825E-002   4.5916688682544251E-003
   5875.3116000000000        9.2211607716394486E-002   5.3564885213032076E-003
   7014.8857999999937       0.10497540508531453        6.4104938877192416E-003
   8375.4914000000008       0.12207815537895524        7.7611366949989656E-003
   10000.000000000000       0.14385841605805452        8.7579458677645456E-003
