   0.0000000000000000        1.1627812171802879E-028   7.8874564018022250E-030
   1.0000000000000007E-003   1.9784337500238901E-003   4.0840588272487222E-006
   2.0000000000000013E-003   3.9753921370451551E-003   9.7515569321346384E-006
   3.0000000000000018E-003   5.9491557939939568E-003   1.2935863718237886E-005
   4.0000000000000027E-003   7.9310915203403554E-003   1.5858000739990530E-005
   5.0000000000000027E-003   9.9171150740610167E-003   2.1337300100898876E-005
   6.0000000000000036E-003   1.1903936973674601E-002   2.9938540707343090E-005
   7.0000000000000053E-003   1.3868097094224298E-002   3.4546789267642221E-005
   9.0000000000000063E-003   1.7841771318751198E-002   4.2542012914449031E-005
   1.0000000000000005E-002   1.9798942056855430E-002   4.6122401365779300E-005
   1.2000000000000007E-002   2.3777326431970728E-002   4.9440279429506525E-005
   1.4000000000000011E-002   2.7740423644835678E-002   5.7770686182275840E-005
   1.6000000000000011E-002   3.1695156410807557E-002   7.2171054128407252E-005
   1.8999999999999993E-002   3.7533086579644666E-002   8.2648580837004455E-005
   2.2000000000000013E-002   4.3493092112196347E-002   9.7794797552322842E-005
   2.6000000000000020E-002   5.1401945304222610E-002   1.1277690598611430E-004
   3.0000000000000023E-002   5.9381594635828747E-002   1.3496420611625097E-004
   3.4999999999999989E-002   6.9148651873130823E-002   1.6132028970948446E-004
   4.0999999999999960E-002   8.1005516399803676E-002   1.8807143613539640E-004
   4.7000000000000035E-002   9.2998445262188381E-002   2.1295861421829151E-004
   5.5000000000000056E-002  0.10886022692817661        2.6083562276039475E-004
   6.4000000000000043E-002  0.12674245366019668        2.8877825654520425E-004
   7.5000000000000094E-002  0.14880805045413739        3.5202006145889476E-004
   8.8000000000000050E-002  0.17561206592202730        4.1392966177457860E-004
  0.10200000000000009       0.20453763103494907        4.9330763049340056E-004
  0.11899999999999995       0.23963983595823793        5.6949624230316002E-004
  0.13900000000000010       0.28078328028329252        6.4886692869555872E-004
  0.16200000000000014       0.33020455272982924        7.9052751602532898E-004
  0.18999999999999995       0.39024848997179801        8.9422639076691343E-004
  0.22100000000000006       0.45857506391253394        1.0264000289578567E-003
  0.25799999999999956       0.54127743945438034        1.3085916561778230E-003
  0.30099999999999982       0.64147571529031167        1.5366820382069879E-003
  0.35100000000000003       0.75988522347118204        1.7513979733261666E-003
  0.41000000000000009       0.90579131412990022        2.0782531074811819E-003
  0.47800000000000065        1.0808909140436598        2.4229647459012267E-003
  0.55799999999999994        1.2938218572102085        2.8412027449275850E-003
  0.65100000000000069        1.5562296791882229        3.4450269175985535E-003
  0.75999999999999979        1.8835928988151140        3.7483877623169918E-003
  0.88600000000000090        2.2811499253764524        4.2843753011231073E-003
   1.0339999999999996        2.7816938834708345        5.1456094331649516E-003
   1.2060000000000015        3.4022782530752074        6.1289146458678940E-003
   1.4080000000000008        4.1874717266462893        8.3103247785353360E-003
   1.6430000000000005        5.1799497778991501        1.0380395715597625E-002
   1.9159999999999977        6.4383525500234571        1.1511795274324488E-002
   2.2360000000000002        8.0554069404012303        1.6060679749414452E-002
   2.6090000000000004        10.151835445133992        2.1133491690803603E-002
   3.0440000000000023        12.851355222422525        2.6838617827743123E-002
   3.5519999999999987        16.366260446005899        3.3180678504426735E-002
   4.1440000000000037        20.915517895459917        3.5392967382481752E-002
   4.8349999999999982        26.864501379899547        4.2976662857961069E-002
   5.6419999999999977        34.676140028081136        5.3130790396369747E-002
   6.5830000000000100        44.942016352069530        6.9173956897805061E-002
   7.6809999999999947        58.452264316977804        9.1811294839267185E-002
   8.9619999999999926        76.310983268851842       0.11922580833062378     
   10.456000000000008        99.778615864875135       0.13911416824309514     
   12.200000000000012        130.83601300590007       0.18566173873831887     
   14.235000000000012        171.80205340768057       0.22646414397865830     
   16.609000000000012        225.67684605251083       0.30003516458595486     
   19.378999999999994        296.54573828633954       0.35377044704851818     
   22.612000000000016        389.50412931620690       0.41197950771799541     
   26.383000000000024        510.95068342616861       0.53475350667374932     
   30.782999999999959        669.38623952312560       0.69476858198477609     
   35.916999999999966        875.37604851050139       0.87492861262410149     
   41.907000000000018        1140.5657140200015        1.2189302665685293     
   48.896999999999963        1480.9405834411746        1.5228720104608129     
   57.052000000000035        1914.4034548835264        1.8365999168663316     
   66.567000000000007        2459.6852804126088        2.6524169146606975     
   77.668999999999940        3144.4295783926673        3.5153062490290057     
   90.622999999999905        3996.5890988784681        4.6437835514554253     
   105.73700000000007        5042.8887327201528        6.2689153269055069     
   123.37200000000011        6316.4634126182336        8.8592850356024506     
   143.94800000000015        7856.0117256232279        12.041224315488877     
   167.95600000000010        9694.2295786204577        17.497277334497475     
   195.96899999999971        11882.389254284344        24.143841182961705     
   228.65300000000013        14472.719450275690        32.442184711109945     
   266.78800000000035        17511.672920701320        43.270862648497868     
   311.28299999999973        21077.869497577136        56.144995592091220     
   363.19900000000024        25247.351338607634        72.957606966378634     
   423.77400000000040        30121.100821510758        92.886379036993446     
   494.45200000000040        35792.441929348090        119.10744092302555     
   576.91800000000035        42418.153313151539        155.46748405370042     
   673.13799999999958        50143.308326877901        201.07880947925239     
   785.40499999999929        59140.164831969050        264.65591001086210     
   916.39600000000053        69689.758555444321        368.03041308084278     
   1069.2350000000004        81976.903187967677        492.03460371015336     
   1247.5639999999989        96276.394987851832        655.57461892757067     
   1455.6349999999989        112936.68025890956        879.87568686658722     
   1698.4079999999992        132459.82536804111        1163.9714688780823     
   1981.6720000000023        155378.65387629569        1527.3283550180247     
   2312.1790000000028        181992.01822587452        2026.5769028665650     
   2697.8090000000002        212767.81667106439        2606.4052705761674     
   3147.7550000000028        248673.29683200276        3418.3296199558927     
   3672.7440000000042        290795.01441736188        4461.1033372191396     
   4285.2909999999993        339533.80510850792        5781.6200635023924     
   5000.0000000000000        397851.52957477869        6838.5015265271395     
