   0.0000000000000000        9.6393584424733347E-030   7.7040088659636313E-031
   5.0000000000000034E-004   9.8960009691411886E-004   2.3518789436792525E-006
   1.0000000000000007E-003   1.9649107491625738E-003   4.4946677339365661E-006
   1.5000000000000009E-003   2.9262329300510283E-003   6.7362647123044898E-006
   2.0000000000000013E-003   3.8805614856589074E-003   8.9069143818313558E-006
   2.5000000000000014E-003   4.8190014003067650E-003   1.1924458229317717E-005
   3.0000000000000018E-003   5.7451839975584014E-003   1.4184202547891301E-005
   3.5000000000000027E-003   6.6639463712225106E-003   1.6336719452613435E-005
   4.0000000000000027E-003   7.5805079226496054E-003   1.7859834727698705E-005
   5.0000000000000027E-003   9.3753839089890569E-003   2.3161297825079361E-005
   5.5000000000000032E-003   1.0255940564187500E-002   2.4219524071004542E-005
   6.5000000000000049E-003   1.2014901107796775E-002   2.8241807247376830E-005
   7.5000000000000058E-003   1.3720741123694270E-002   2.8361676766509256E-005
   9.0000000000000063E-003   1.6246782188176764E-002   3.6558990477838830E-005
   1.0499999999999992E-002   1.8652540225304211E-002   4.3516865947496036E-005
   1.2499999999999987E-002   2.1911094668004193E-002   5.1499744266707573E-005
   1.5000000000000012E-002   2.5802899607954906E-002   5.5302063534904578E-005
   1.7499999999999995E-002   2.9586738754356686E-002   6.7983119002068117E-005
   2.0499999999999980E-002   3.4019336819778152E-002   7.0676977110872437E-005
   2.4000000000000014E-002   3.9109437463338767E-002   8.4460170145591018E-005
   2.8000000000000021E-002   4.4583756769677373E-002   9.3708941086101318E-005
   3.2999999999999967E-002   5.1276050649940529E-002   1.2121312714203512E-004
   3.9000000000000000E-002   5.8973685019311384E-002   1.3979970306406334E-004
   4.5500000000000061E-002   6.7158544754777200E-002   1.5648080085402914E-004
   5.3500000000000068E-002   7.6934804754025712E-002   1.7748987584806838E-004
   6.3000000000000056E-002   8.8002828569722635E-002   1.8297712520384140E-004
   7.3999999999999927E-002  0.10037222459850823        2.1488713478384322E-004
   8.6999999999999980E-002  0.11475293120859034        2.6106568735560488E-004
  0.10200000000000009       0.13066010185121552        3.1737180473037679E-004
  0.12000000000000009       0.14916683517293786        3.6123183561503420E-004
  0.14100000000000001       0.17075866349421653        4.4984829399765877E-004
  0.16549999999999990       0.19536967722724172        5.0527837934107001E-004
  0.19449999999999981       0.22336481773808026        5.6175805022781484E-004
  0.22850000000000026       0.25569264157259536        6.2963360422295031E-004
  0.26849999999999985       0.29286241103313215        7.3261080884194499E-004
  0.31550000000000006       0.33669944314681038        1.0184579918801882E-003
  0.37049999999999988       0.38865899087210187        1.0356438272479866E-003
  0.43550000000000033       0.44971849332819458        1.3310570281472461E-003
  0.51150000000000073       0.52101441445341190        1.5002784999237758E-003
  0.60099999999999931       0.60813334406959030        1.6035810476136814E-003
  0.70649999999999902       0.71268073579217073        1.8490957229187412E-003
  0.82999999999999885       0.83764902419890697        2.1286580493487888E-003
  0.97500000000000098       0.98814756017028804        2.2537034433116163E-003
   1.1454999999999989        1.1724464046976519        2.4020863938961417E-003
   1.3460000000000023        1.3987751031338411        2.9278436248671869E-003
   1.5810000000000020        1.6778904785706346        3.8570906308041898E-003
   1.8575000000000015        2.0212122182852816        4.8372744993392235E-003
   2.1825000000000019        2.4550816788657506        5.9561759027231169E-003
   2.5645000000000007        3.0002246309324163        6.3835565467045387E-003
   3.0130000000000030        3.6876517239739437        8.6357100326806460E-003
   3.5395000000000021        4.5698158111830436        1.1076503848742944E-002
   4.1589999999999971        5.6798212465475917        1.3498418166712892E-002
   4.8860000000000019        7.1159811328660716        1.6922445218711064E-002
   5.7410000000000005        8.9756134993470411        1.8840861539746141E-002
   6.7450000000000037        11.379233946035800        2.6276986875143061E-002
   7.9245000000000099        14.525215322364620        3.0687485217828270E-002
   9.3105000000000011        18.633797397988424        3.6757901261395783E-002
   10.938999999999997        23.964786730830905        4.4955372646381574E-002
   12.851999999999984        30.983903400272997        5.9818872523954611E-002
   15.100000000000016        40.247226923247283        7.7205525502174452E-002
   17.740500000000011        52.448450676382492        9.9553453656263891E-002
   20.843499999999970        68.544372634736789       0.13158792699369465     
   24.489000000000019        89.576353087329693       0.16039090349139304     
   28.771999999999984        117.15092967020098       0.19411002257828500     
   33.804000000000038        153.19358004199981       0.24831167974790339     
   39.716500000000003        199.87836718518631       0.32798748877146588     
   46.662499999999945        260.27356265146466       0.41467230839765629     
   54.824000000000041        337.86179244899898       0.51918511834191061     
   64.412499999999937        436.71072441860423       0.62738825412924959     
   75.677999999999912        561.15826936411690       0.80448186460854487     
   88.914000000000016        717.36624124775096        1.0201908996421905     
   104.46500000000009        910.37314000397396        1.3382111048516547     
   122.73549999999983        1147.7054843550936        1.7783747147599653     
   144.20150000000001        1437.3360728699433        2.4998646803299178     
   169.42199999999997        1786.4267495721563        3.2903682301816701     
   199.05350000000001        2203.9674145998056        4.5788789876125806     
   233.86750000000018        2698.2814967546433        6.3438643751817736     
   274.77050000000008        3283.7110031585862        8.4715276043598582     
   322.82700000000006        3971.0058184977097        11.186391564428972     
   379.28900000000039        4782.1368936207018        15.151516557943600     
   445.62549999999931        5734.7786566132081        20.304697935581792     
   523.56450000000029        6859.0844028402844        27.561967628390164     
   615.13450000000000        8182.0169799748819        36.554687858909702     
   722.72000000000060        9739.5182778657163        47.692585890734669     
   849.12200000000098        11574.217662122852        62.795515883335490     
   997.63100000000077        13727.816238659962        82.482654872745954     
   1172.1145000000008        16266.865453381950        108.78265575866440     
   1377.1145000000001        19241.406710808689        145.11793213927609     
   1617.9685000000015        22710.799136266440        191.09181434534301     
   1900.9470000000001        26757.890488311758        253.54179939722698     
   2233.4180000000024        31446.615730454283        339.54319117338247     
   2624.0375000000031        36873.323966112555        468.50725084178686     
   3082.9750000000035        43487.946851663612        642.97561209357912     
   3622.1799999999953        51506.551944191706        870.18820671284573     
   4255.6900000000014        60853.457350312252        1077.9005277463420     
   5000.0000000000000        72338.652559459195        1299.2960196387303     
