   0.0000000000000000        7.2231394943228612E-031   4.0610964323803410E-032
   5.0000000000000034E-004   9.3301186906374770E-004   2.1029347058217975E-006
   1.0000000000000007E-003   1.7870102568622859E-003   3.9209604286107974E-006
   1.5000000000000009E-003   2.5667147119026413E-003   5.8755300599071746E-006
   2.0000000000000013E-003   3.3032439571554209E-003   7.2642808635786232E-006
   2.5000000000000014E-003   4.0011362751536904E-003   8.4569022087042315E-006
   3.0000000000000018E-003   4.6422453591248398E-003   9.3238282032091031E-006
   3.5000000000000027E-003   5.2654259211639158E-003   1.0532506679773647E-005
   4.0000000000000027E-003   5.8459362237730508E-003   1.0903691150807083E-005
   5.0000000000000027E-003   6.9308268680154540E-003   1.4711964753936848E-005
   5.5000000000000032E-003   7.4384497620610173E-003   1.4597491054711109E-005
   6.5000000000000049E-003   8.4146669943625917E-003   1.9414944722686915E-005
   7.5000000000000058E-003   9.2765859155832971E-003   2.0335473677686604E-005
   9.0000000000000063E-003   1.0478435733759107E-002   2.1112557279896617E-005
   1.0499999999999992E-002   1.1584529929324112E-002   2.3532918713586822E-005
   1.2499999999999987E-002   1.2964319041657528E-002   2.6649564149785181E-005
   1.5000000000000012E-002   1.4534081614970830E-002   3.2617122942853024E-005
   1.7499999999999995E-002   1.5928918010971731E-002   3.5896240387860472E-005
   2.0499999999999980E-002   1.7454764771735978E-002   4.3050943274581047E-005
   2.4000000000000014E-002   1.9083501952173502E-002   4.3164057629164816E-005
   2.8000000000000021E-002   2.0803866228272037E-002   4.7343815568035914E-005
   3.2999999999999967E-002   2.2633518990379103E-002   5.2584162703643727E-005
   3.9000000000000000E-002   2.4720416405141932E-002   5.5449409600817115E-005
   4.5500000000000061E-002   2.6751112832404778E-002   6.2841279082517990E-005
   5.3500000000000068E-002   2.9096410804030345E-002   6.3614674068859003E-005
   6.3000000000000056E-002   3.1529921293526657E-002   8.4482314555474680E-005
   7.3999999999999927E-002   3.4013558859847096E-002   7.6939578258145580E-005
   8.6999999999999980E-002   3.6742822267048655E-002   9.9260280393351260E-005
  0.10200000000000009        3.9605270662878375E-002   1.1015284647441477E-004
  0.12000000000000009        4.2731514531309155E-002   1.0637305941361067E-004
  0.14100000000000001        4.6089274601317697E-002   1.2292522493218114E-004
  0.16549999999999990        4.9742251703445657E-002   1.3754830378944274E-004
  0.19449999999999981        5.3602564406212673E-002   1.4017803444378246E-004
  0.22850000000000026        5.8174431275096437E-002   1.6740650128463686E-004
  0.26849999999999985        6.2864186493783961E-002   1.7894929105262124E-004
  0.31550000000000006        6.8088406285127911E-002   1.9048771515430487E-004
  0.37049999999999988        7.3877107253049398E-002   1.9943424876724843E-004
  0.43550000000000033        8.0103360684932567E-002   2.1631972735613818E-004
  0.51150000000000073        8.7161675530438756E-002   2.6097613217982015E-004
  0.60099999999999931        9.5103276593310249E-002   2.7738012475622681E-004
  0.70649999999999902       0.10406730643125357        2.8279900956923524E-004
  0.82999999999999885       0.11422149733836941        3.7749392326684092E-004
  0.97500000000000098       0.12602220950774898        4.2220346221159626E-004
   1.1454999999999989       0.13920438486783099        4.3433740765889825E-004
   1.3460000000000023       0.15452444603207058        4.8725607550483089E-004
   1.5810000000000020       0.17201498473583915        6.0157043948160665E-004
   1.8575000000000015       0.19223990532491456        6.6775570969955099E-004
   2.1825000000000019       0.21582730247453302        6.9357984301570438E-004
   2.5645000000000007       0.24387712593389324        8.4522880071968799E-004
   3.0130000000000030       0.27587349653258708        9.8202084276953873E-004
   3.5395000000000021       0.31353869316111177        1.0376491737806679E-003
   4.1589999999999971       0.35763076661730941        1.1943111836659765E-003
   4.8860000000000019       0.40926619515642904        1.4599454068964740E-003
   5.7410000000000005       0.47129591698907403        1.4544621410689767E-003
   6.7450000000000037       0.54320340828151525        1.6859809424665025E-003
   7.9245000000000099       0.62833466118619863        2.1162049530364566E-003
   9.3105000000000011       0.73193298363703152        2.4130554732207719E-003
   10.938999999999997       0.85453421456331291        2.6083783782048400E-003
   12.851999999999984        1.0006104052206173        3.2274390955328311E-003
   15.100000000000016        1.1823852593463258        3.5851287573329151E-003
   17.740500000000011        1.3996735547019226        4.2679761535370491E-003
   20.843499999999970        1.6644370794603243        5.0918083232953763E-003
   24.489000000000019        1.9930972382233254        6.0367551324040083E-003
   28.771999999999984        2.3893579376362215        7.8008538871911816E-003
   33.804000000000038        2.8798909699327830        9.1572195178131095E-003
   39.716500000000003        3.4827284404201495        1.0407578702587326E-002
   46.662499999999945        4.2190706443768855        1.2747993243929516E-002
   54.824000000000041        5.1089871398913402        1.5153396123693128E-002
   64.412499999999937        6.2066972069487463        1.9066770693332537E-002
   75.677999999999912        7.5306273270132316        2.3591480152850470E-002
   88.914000000000016        9.1519157702127387        2.8103533499759088E-002
   104.46500000000009        11.077593040548381        3.3357885892313061E-002
   122.73549999999983        13.408457407883718        4.3073058665958501E-002
   144.20150000000001        16.231068867514558        5.7101492805919404E-002
   169.42199999999997        19.583680521684606        7.3996768091184370E-002
   199.05350000000001        23.525211165574852        9.0387557113687039E-002
   233.86750000000018        28.198006797805199       0.11826588667824278     
   274.77050000000008        33.728315633057534       0.14963907020759215     
   322.82700000000006        40.181143709631534       0.18646893992290295     
   379.28900000000039        47.842934674835533       0.23311374615860830     
   445.62549999999931        56.846079337035277       0.29580016752056726     
   523.56450000000029        67.353057072910715       0.37766242414908513     
   615.13450000000000        79.826438490193979       0.48617253973194985     
   722.72000000000060        94.438894826164528       0.62078928156177982     
   849.12200000000098        111.67428667689606       0.80639804095744372     
   997.63100000000077        131.88656106497018        1.0460808817914329     
   1172.1145000000008        155.52825413720137        1.3776114448276788     
   1377.1145000000001        183.16474588564714        1.7625686299563139     
   1617.9685000000015        215.59069132518042        2.2556171412234214     
   1900.9470000000001        253.54359346502295        2.8706726511139355     
   2233.4180000000024        297.64779928788886        3.7679946161699860     
   2624.0375000000031        349.30746937756396        4.9184956867569163     
   3082.9750000000035        411.79566033189599        6.2389809778790903     
   3622.1799999999953        487.47832038178962        8.0369592636329550     
   4255.6900000000014        580.34776810773474        9.7391174022890183     
   5000.0000000000000        691.69522022261492        11.799497702275147     
