   0.0000000000000000        4.9231120150309116E-031   2.3676292844775550E-032
   2.0000000000000012E-004   3.7100377018406210E-004   8.4317920033688064E-007
   4.0000000000000024E-004   7.0247320017334048E-004   1.5575544715150649E-006
   6.0000000000000049E-004   1.0035276245212905E-003   2.3274878575145976E-006
   8.0000000000000047E-004   1.2760071290372594E-003   3.0814402223851648E-006
   1.0000000000000007E-003   1.5283229943590406E-003   3.7867060435146548E-006
   1.2000000000000010E-003   1.7675071431806745E-003   4.9427943548147762E-006
   1.3999999999999989E-003   1.9819248053417567E-003   4.9978259243882598E-006
   1.6000000000000009E-003   2.1889988517449243E-003   5.8481641060848788E-006
   2.0000000000000013E-003   2.5680140070697415E-003   6.7530976544269664E-006
   2.4000000000000020E-003   2.9087449100809442E-003   7.7923572320408465E-006
   2.7999999999999978E-003   3.2182658391468025E-003   8.5173657281764066E-006
   3.4000000000000063E-003   3.6410094312219021E-003   9.2138563588039743E-006
   4.0000000000000027E-003   4.0154002806961266E-003   1.0645704395002215E-005
   4.8000000000000039E-003   4.4585316498735881E-003   1.0579703603910335E-005
   5.8000000000000091E-003   4.9440776047974099E-003   1.2438591145057576E-005
   7.0000000000000053E-003   5.4665953499167591E-003   1.3066680005197023E-005
   8.1999999999999955E-003   5.9172690280382594E-003   1.4597018266190013E-005
   9.7999999999999962E-003   6.4607668784962685E-003   1.5486474762769490E-005
   1.1800000000000005E-002   7.0408245967172097E-003   2.0152759080090586E-005
   1.4000000000000011E-002   7.5747234708357777E-003   2.0389894940129488E-005
   1.6800000000000009E-002   8.1927729180732729E-003   2.4791135988583103E-005
   2.0000000000000011E-002   8.7610877959211596E-003   2.4596078512166359E-005
   2.4000000000000014E-002   9.4412874243385656E-003   2.7173684682329586E-005
   2.8599999999999973E-002   1.0084869190574483E-002   2.8754315318050969E-005
   3.4199999999999987E-002   1.0780470172701112E-002   3.0842948156726832E-005
   4.0799999999999961E-002   1.1520215009477213E-002   3.7060902946538246E-005
   4.8799999999999968E-002   1.2222319740606788E-002   4.2320407335594977E-005
   5.8199999999999925E-002   1.2920672928060990E-002   4.6861796583186008E-005
   6.9399999999999934E-002   1.3615330086615250E-002   4.8302467316195783E-005
   8.3000000000000101E-002   1.4369880194449835E-002   5.7524919673175539E-005
   9.9000000000000130E-002   1.5144076158055707E-002   5.4975113333592878E-005
  0.11819999999999990        1.5935129517467648E-002   5.8326961099251864E-005
  0.14120000000000013        1.6700399048906352E-002   5.6487825529344763E-005
  0.16859999999999981        1.7433756740350283E-002   6.6963741792828771E-005
  0.20120000000000002        1.8172922464380067E-002   8.1377587992217677E-005
  0.24019999999999983        1.8881474234460731E-002   7.7377891801662900E-005
  0.28679999999999983        1.9749906600466504E-002   8.6546949107934505E-005
  0.34240000000000015        2.0477606589794618E-002   8.0805312389969805E-005
  0.40879999999999961        2.1222659488307725E-002   8.5806784621473057E-005
  0.48819999999999975        2.2053557535160643E-002   9.4616381127461015E-005
  0.58279999999999954        2.2827098409902682E-002   9.6861310224414780E-005
  0.69599999999999984        2.3565358950113136E-002   1.0302923934156411E-004
  0.83080000000000143        2.4239498857456569E-002   1.1601405999184998E-004
  0.99199999999999899        2.4966729028901374E-002   1.1693363594808078E-004
   1.1843999999999981        2.5775372122489919E-002   1.2498818384537266E-004
   1.4141999999999988        2.6463347343462066E-002   1.3208324354543056E-004
   1.6885999999999979        2.7076905573495999E-002   1.4531316822111759E-004
   2.0160000000000018        2.7702795122869710E-002   1.5667805942029883E-004
   2.4069999999999996        2.8383837442697724E-002   1.6180248253898320E-004
   2.8739999999999974        2.9068812810423089E-002   1.5338504441694240E-004
   3.4313999999999973        2.9592106682054118E-002   1.7157082006553516E-004
   4.0968000000000009        3.0082310168122579E-002   1.6615239288660688E-004
   4.8916000000000004        3.0628746373560098E-002   1.9595860750725561E-004
   5.8401999999999967        3.1260040270680418E-002   2.1344065573229251E-004
   6.9730000000000087        3.2046320034346404E-002   2.3513683089666814E-004
   8.3256000000000050        3.2415241605280150E-002   2.4899833048886463E-004
   9.9403999999999968        3.2942271259067554E-002   2.5378728408364208E-004
   11.868399999999989        3.3524124053593354E-002   2.5538574097247105E-004
   14.170399999999981        3.4256802811919222E-002   2.8626628139092366E-004
   16.918800000000005        3.5002985314349748E-002   2.7462547429908289E-004
   20.200399999999970        3.5395320961345726E-002   3.1488619229324617E-004
   24.118400000000008        3.6013760779650593E-002   3.3680482459311434E-004
   28.796599999999959        3.6836845187688365E-002   3.5933960872785737E-004
   34.381800000000055        3.7656121704864889E-002   3.1385123234846070E-004
   41.050600000000024        3.8503228130332467E-002   3.8480381036002693E-004
   49.012799999999977        3.9518291824480828E-002   4.2143155111750986E-004
   58.519200000000069        4.0725577896250358E-002   4.4527308539192632E-004
   69.869600000000005        4.2203769913813104E-002   4.6922353044136531E-004
   83.421599999999955        4.3502627531442691E-002   4.8922402712724719E-004
   99.601999999999919        4.4988286797863916E-002   5.3339287956338040E-004
   118.92079999999993        4.6741769258876832E-002   5.8584557572226325E-004
   141.98660000000012        4.8884666468352725E-002   5.6833707177688698E-004
   169.52620000000019        5.0923368383690722E-002   6.6552495799740191E-004
   202.40740000000002        5.3715955824103011E-002   7.5320939511932443E-004
   241.66640000000004        5.6444245648359079E-002   8.4152363586416660E-004
   288.54000000000048        5.9599809335295073E-002   9.0982653309717337E-004
   344.50519999999972        6.3314650341202428E-002   1.0328146711207776E-003
   411.32519999999960        6.8071481841104065E-002   1.2191936511624269E-003
   491.10580000000044        7.2718737803291536E-002   1.3612278240740310E-003
   586.36059999999998        7.8137577423614768E-002   1.5441921560570150E-003
   700.09100000000024        8.4995756146513404E-002   1.7971507199189376E-003
   835.88059999999894        9.2583379062219737E-002   2.0900250448262804E-003
   998.00779999999952       0.10131040873290968        2.4559226353698936E-003
   1191.5809999999999       0.11084414156073522        2.8378848239022066E-003
   1422.6998000000010       0.12326685366210974        3.3264066941577661E-003
   1698.6463999999987       0.13597900080662459        3.8769952142317320E-003
   2028.1156000000019       0.15165190843972184        4.6817698986684744E-003
   2421.4884000000015       0.17011092764246868        5.5730967727438815E-003
   2891.1597999999967       0.19049301426448187        6.5881538592947589E-003
   3451.9286000000056       0.21550745961409346        8.1199007820322942E-003
   4121.4637999999986       0.24369360965098910        9.8826249777851545E-003
   4920.8621999999978       0.27917642963372030        1.2012348572367392E-002
   5875.3116000000000       0.32246243830470545        1.4324330937030146E-002
   7014.8857999999937       0.37489849800158220        1.6799604550527970E-002
   8375.4914000000008       0.44400263070291363        1.9916100657815478E-002
   10000.000000000000       0.54874658987944014        2.2629924643417169E-002
