   0.0000000000000000        1.9567585350479386E-030   1.2108098924522032E-031
   5.0000000000000034E-004   9.6777188244236254E-004   1.9896158551147082E-006
   1.0000000000000007E-003   1.8825627232557070E-003   4.4688138605041356E-006
   1.5000000000000009E-003   2.7545559858852772E-003   5.8674508436452407E-006
   2.0000000000000013E-003   3.6042308958623174E-003   8.3097062123314028E-006
   2.5000000000000014E-003   4.4151495712256867E-003   9.6219521907715275E-006
   3.0000000000000018E-003   5.1864186238637019E-003   1.0905994013414317E-005
   3.5000000000000027E-003   5.9487503084763409E-003   1.2486367665946144E-005
   4.0000000000000027E-003   6.6871973549370023E-003   1.3646801280316042E-005
   5.0000000000000027E-003   8.0448142443008356E-003   1.6894628057334219E-005
   5.5000000000000032E-003   8.7141325547992719E-003   1.6586519666258332E-005
   6.5000000000000049E-003   9.9807782112644374E-003   2.1881617476809039E-005
   7.5000000000000058E-003   1.1195286183945991E-002   2.5188653797486002E-005
   9.0000000000000063E-003   1.2938976533822930E-002   2.5871069570547863E-005
   1.0499999999999992E-002   1.4568032236256091E-002   3.1103950704737737E-005
   1.2499999999999987E-002   1.6616635923740269E-002   4.0985031214184525E-005
   1.5000000000000012E-002   1.8982532780139921E-002   4.4891569536997602E-005
   1.7499999999999995E-002   2.1190096707509449E-002   5.2586567649846874E-005
   2.0499999999999980E-002   2.3641148876631660E-002   6.0720003746942997E-005
   2.4000000000000014E-002   2.6313937296362378E-002   6.0945317903901039E-005
   2.8000000000000021E-002   2.9164953040009621E-002   6.4512356380856393E-005
   3.2999999999999967E-002   3.2607440577784148E-002   7.9397567849791561E-005
   3.9000000000000000E-002   3.6332670812782991E-002   8.9028473966456810E-005
   4.5500000000000061E-002   4.0039535362084128E-002   1.0459817919963280E-004
   5.3500000000000068E-002   4.4214136058714375E-002   1.0736519193155939E-004
   6.3000000000000056E-002   4.9038277714897119E-002   1.2080484260417861E-004
   7.3999999999999927E-002   5.4079788820691886E-002   1.2752792337087607E-004
   8.6999999999999980E-002   5.9703209133082392E-002   1.4316339064021454E-004
  0.10200000000000009        6.5870414687780127E-002   1.7884269144816212E-004
  0.12000000000000009        7.2457958358984484E-002   1.7122051738509061E-004
  0.14100000000000001        8.0054168197933692E-002   2.0406471385753616E-004
  0.16549999999999990        8.8393966007881727E-002   2.0259793914989877E-004
  0.19449999999999981        9.7841000328760863E-002   2.4544649071916248E-004
  0.22850000000000026       0.10836733301130681        2.7973814676434419E-004
  0.26849999999999985       0.12028450851124280        3.2934618297650651E-004
  0.31550000000000006       0.13430635309661268        3.9698201969406402E-004
  0.37049999999999988       0.15057427731155121        4.5339633849242388E-004
  0.43550000000000033       0.16913908295164312        4.7965488168398741E-004
  0.51150000000000073       0.19007055462586939        5.3213730648176750E-004
  0.60099999999999931       0.21483323144059616        5.4050454606498677E-004
  0.70649999999999902       0.24327610260002444        6.7285933993113331E-004
  0.82999999999999885       0.27761256120333272        7.4723508128505590E-004
  0.97500000000000098       0.31666721934513808        8.3544413880918991E-004
   1.1454999999999989       0.36242139522579664        8.9737462849120455E-004
   1.3460000000000023       0.41930494237960486        1.0961083267991838E-003
   1.5810000000000020       0.48483678215421677        1.2587682162127900E-003
   1.8575000000000015       0.56360610985897441        1.5425353984593461E-003
   2.1825000000000019       0.65906197811814837        1.6098360292817659E-003
   2.5645000000000007       0.77303797383203432        1.9818662077331845E-003
   3.0130000000000030       0.90707804064153941        2.1076120447880379E-003
   3.5395000000000021        1.0739099135020529        2.9527658577207651E-003
   4.1589999999999971        1.2763912817998440        3.3369757635312923E-003
   4.8860000000000019        1.5263748094260721        3.5400330154233325E-003
   5.7410000000000005        1.8311875822259212        4.6146315805851079E-003
   6.7450000000000037        2.2065759350051519        5.6189598585416811E-003
   7.9245000000000099        2.6817430889162024        7.1691915267031951E-003
   9.3105000000000011        3.2713889760171662        8.5837289397095087E-003
   10.938999999999997        4.0163615479462909        1.1056594679494368E-002
   12.851999999999984        4.9600577633385790        1.2198548110356986E-002
   15.100000000000016        6.1649319474425033        1.5005871041245745E-002
   17.740500000000011        7.6821626157935441        1.7862521787755336E-002
   20.843499999999970        9.6189358052717751        2.1521686345659534E-002
   24.489000000000019        12.084480210007069        2.3959307093052606E-002
   28.771999999999984        15.214675400395896        2.5940517545827903E-002
   33.804000000000038        19.197803060581982        3.3365777133869276E-002
   39.716500000000003        24.275475391213554        4.6107517282558345E-002
   46.662499999999945        30.735569424576404        5.6448020862000105E-002
   54.824000000000041        38.911217738490713        7.4121493609804232E-002
   64.412499999999937        49.141545675736204        9.0965311341887956E-002
   75.677999999999912        61.848507115857075       0.10008446779431364     
   88.914000000000016        77.705768437173546       0.11613775982332419     
   104.46500000000009        97.140686762229166       0.14148860844253577     
   122.73549999999983        120.98206113662880       0.20595698873508697     
   144.20150000000001        149.65678240310538       0.27856702158369023     
   169.42199999999997        184.41506756666644       0.34847282802571272     
   199.05350000000001        225.88253464446825       0.45846128458537649     
   233.86750000000018        274.81687868308501       0.64943587320969109     
   274.77050000000008        332.48133914162378       0.86567233315238856     
   322.82700000000006        400.43259102764671        1.1856874040670056     
   379.28900000000039        480.36410652628177        1.5485535674577497     
   445.62549999999931        574.20034435313676        2.0542483782111614     
   523.56450000000029        685.34075207354249        2.5484008458499976     
   615.13450000000000        815.72400221329110        3.2266879238713995     
   722.72000000000060        968.92557995231334        4.0279159382967231     
   849.12200000000098        1148.9951120728726        5.1228881022933246     
   997.63100000000077        1361.6686684909751        6.4608756629378270     
   1172.1145000000008        1610.6737316300264        8.4408885514472853     
   1377.1145000000001        1903.3794603873691        11.299417074672720     
   1617.9685000000015        2246.9859055809175        15.299946178820715     
   1900.9470000000001        2652.1411594026831        20.749574372829571     
   2233.4180000000024        3122.0087858372317        28.112004315324690     
   2624.0375000000031        3666.5481996667982        38.530600850233554     
   3082.9750000000035        4324.4902372691022        52.455231436745834     
   3622.1799999999953        5109.5256424582140        70.631516717481503     
   4255.6900000000014        6032.6679063079655        88.767756052621991     
   5000.0000000000000        7158.0277427380815        117.97852931340989     
