   0.0000000000000000        3.0858354800034297E-029   2.4747704346179530E-030
   5.0000000000000034E-004   9.9478702264798398E-004   2.7001171693182960E-006
   1.0000000000000007E-003   1.9894791819766522E-003   5.2424041346222320E-006
   1.5000000000000009E-003   2.9785704750761367E-003   8.2304594991380451E-006
   2.0000000000000013E-003   3.9692356374885088E-003   1.0438984692045322E-005
   2.5000000000000014E-003   4.9527467064604102E-003   1.0960000326240759E-005
   3.0000000000000018E-003   5.9357268479504014E-003   1.4372829501177426E-005
   3.5000000000000027E-003   6.9196604639792745E-003   1.8118047474047637E-005
   4.0000000000000027E-003   7.8765315367162903E-003   2.2878757474918378E-005
   5.0000000000000027E-003   9.7924133438004497E-003   2.4838136775280295E-005
   5.5000000000000032E-003   1.0771657153140905E-002   2.8076174758410356E-005
   6.5000000000000049E-003   1.2685819242132138E-002   3.8395180035950999E-005
   7.5000000000000058E-003   1.4580436998450672E-002   4.0324371349801172E-005
   9.0000000000000063E-003   1.7398880315512889E-002   4.5387278711953078E-005
   1.0499999999999992E-002   2.0255943986374432E-002   5.1919256387371683E-005
   1.2499999999999987E-002   2.4024148934734008E-002   5.4224925526498683E-005
   1.5000000000000012E-002   2.8642199092761920E-002   7.2717264332491674E-005
   1.7499999999999995E-002   3.3245112143877494E-002   7.8370477079034247E-005
   2.0499999999999980E-002   3.8787329510517388E-002   9.3350904389568855E-005
   2.4000000000000014E-002   4.5177117744418009E-002   1.1605538414414557E-004
   2.8000000000000021E-002   5.2480113433615576E-002   1.3271523414763530E-004
   3.2999999999999967E-002   6.1422840321481653E-002   1.5936399616592859E-004
   3.9000000000000000E-002   7.2131073051647177E-002   1.9157268807810354E-004
   4.5500000000000061E-002   8.3698233114282580E-002   2.1624162684202118E-004
   5.3500000000000068E-002   9.8111240018064996E-002   2.4725269648911096E-004
   6.3000000000000056E-002  0.11464142487215133        2.6398311535500839E-004
   7.3999999999999927E-002  0.13319883699206261        3.1641230427481419E-004
   8.6999999999999980E-002  0.15519012710084679        3.8349805992820418E-004
  0.10200000000000009       0.18089107033765978        4.6539138011754834E-004
  0.12000000000000009       0.21146579215286740        4.8750855574693111E-004
  0.14100000000000001       0.24652876794360487        5.8736699392674004E-004
  0.16549999999999990       0.28848927001113150        7.4336199921373552E-004
  0.19449999999999981       0.33792939700517527        8.0884912163871412E-004
  0.22850000000000026       0.39558306547256217        1.0001961633265438E-003
  0.26849999999999985       0.46374007823638258        1.1043683960255029E-003
  0.31550000000000006       0.54562911548765913        1.3306773116131077E-003
  0.37049999999999988       0.64230379745238242        1.4518680099281861E-003
  0.43550000000000033       0.75881472460892863        1.7066118033420953E-003
  0.51150000000000073       0.89825703955651393        2.1813393440529749E-003
  0.60099999999999931        1.0698942804462888        2.5577092258358652E-003
  0.70649999999999902        1.2756201907971327        2.6226927745125446E-003
  0.82999999999999885        1.5265185013303950        3.2860210372370681E-003
  0.97500000000000098        1.8382965760273391        4.6241528183088351E-003
   1.1454999999999989        2.2307807527342103        5.1428575554028789E-003
   1.3460000000000023        2.7162269532771499        6.5094686247021329E-003
   1.5810000000000020        3.3315785322913172        8.9327652334690467E-003
   1.8575000000000015        4.1175121028860930        9.9687009500873981E-003
   2.1825000000000019        5.1075814318884589        1.1767615264903436E-002
   2.5645000000000007        6.3649235933733390        1.4181787799730996E-002
   3.0130000000000030        8.0054948242831063        1.6529028797441354E-002
   3.5395000000000021        10.118652168363745        1.9703655438121737E-002
   4.1589999999999971        12.887878091265469        2.5705323132480570E-002
   4.8860000000000019        16.482108413267802        3.0364317181136500E-002
   5.7410000000000005        21.256429181226604        4.0669572081213745E-002
   6.7450000000000037        27.544671102609222        4.8215879957628473E-002
   7.9245000000000099        35.902007945690997        6.3142831718364337E-002
   9.3105000000000011        46.940327459632975        8.0968106766204070E-002
   10.938999999999997        61.539366235920212       0.10167267629879564     
   12.851999999999984        80.933957517849663       0.12388636533067211     
   15.100000000000016        106.76803521746898       0.15695331618777092     
   17.740500000000011        140.99346756805426       0.21190860268197229     
   20.843499999999970        186.33965070643453       0.27431338746049283     
   24.489000000000019        246.12245505485828       0.35072826224186265     
   28.771999999999984        325.07001813076448       0.44630961762954335     
   33.804000000000038        428.32602425165362       0.55638506058596204     
   39.716500000000003        563.58643474738801       0.73081216488414191     
   46.662499999999945        738.93242180269226       0.93353013701432153     
   54.824000000000041        965.05048507624042        1.1674353147470975     
   64.412499999999937        1253.3243647163606        1.5238733324866474     
   75.677999999999912        1618.4366677254764        2.0038040233044749     
   88.914000000000016        2075.8283690100470        2.4162740217588858     
   104.46500000000009        2644.5856651642102        3.3817680406197885     
   122.73549999999983        3343.9536874592591        4.6535449246873926     
   144.20150000000001        4196.6834893240539        6.6335244496891539     
   169.42199999999997        5223.4393750431109        9.0518182297115395     
   199.05350000000001        6454.0137117238392        12.583206129773346     
   233.86750000000018        7916.9733169458914        18.665800524804961     
   274.77050000000008        9642.3547885927292        24.653464426231228     
   322.82700000000006        11676.832216320729        33.559359730962171     
   379.28900000000039        14069.946180955007        44.416268053531006     
   445.62549999999931        16885.964489272919        59.176926613478841     
   523.56450000000029        20208.906968752835        78.070352256866514     
   615.13450000000000        24114.642255945961        100.81081544051740     
   722.72000000000060        28703.576124807594        128.30515731625511     
   849.12200000000098        34108.880254112468        165.80449108891020     
   997.63100000000077        40463.555517435110        218.55010643703008     
   1172.1145000000008        47964.509176159219        294.30884247140460     
   1377.1145000000001        56783.723730669066        407.97365111596980     
   1617.9685000000015        67128.639910806334        557.09582909621747     
   1900.9470000000001        79223.658066984368        752.18450415111340     
   2233.4180000000024        93274.718345343310        1015.3120373850908     
   2624.0375000000031        109621.91001515565        1401.7608187634019     
   3082.9750000000035        129231.04669763565        1885.7517845222678     
   3622.1799999999953        152511.76418344624        2523.8842993332751     
   4255.6900000000014        179755.58636893687        3080.2738418527365     
   5000.0000000000000        213738.50880902316        3695.1640274604288     
