   0.0000000000000000        4.6407776893130226E-031   2.4844240955191721E-032
   2.0000000000000012E-004   3.8737670347211876E-004   9.5441652850181021E-007
   4.0000000000000024E-004   7.4996749205186034E-004   1.7030664534416731E-006
   6.0000000000000049E-004   1.0970444888001838E-003   2.6712440745364361E-006
   8.0000000000000047E-004   1.4257504259931422E-003   3.2517744811036688E-006
   1.0000000000000007E-003   1.7413736612467872E-003   3.9643793320516340E-006
   1.3999999999999989E-003   2.3215363309292067E-003   5.9037550037643029E-006
   1.6000000000000009E-003   2.5986603843540157E-003   6.3653751488867606E-006
   1.7999999999999989E-003   2.8652708637797834E-003   6.4519619631151723E-006
   2.1999999999999984E-003   3.3746292667864246E-003   7.0382922143043668E-006
   2.5999999999999994E-003   3.8587314817578244E-003   9.0417871150998342E-006
   3.0000000000000018E-003   4.3088312545987630E-003   1.0106470838974847E-005
   3.5999999999999977E-003   4.9324140754436092E-003   1.3032240313590372E-005
   4.2000000000000023E-003   5.5100903840046445E-003   1.5988492138246547E-005
   5.0000000000000027E-003   6.2317114047949727E-003   1.6632043017660390E-005
   6.0000000000000036E-003   7.0479651514192771E-003   1.8898658462841233E-005
   7.1999999999999955E-003   7.9390333632313823E-003   2.1933070886896320E-005
   8.4000000000000047E-003   8.7459758731832354E-003   2.2109773541749563E-005
   1.0000000000000005E-002   9.6942112513993851E-003   2.3138210300925689E-005
   1.2000000000000007E-002   1.0826381889030158E-002   2.7149658159591206E-005
   1.4199999999999992E-002   1.1928366180300243E-002   2.7697544614785133E-005
   1.6800000000000009E-002   1.3035506774523042E-002   3.4503920764643748E-005
   1.9800000000000022E-002   1.4215490682011545E-002   3.8552601292667607E-005
   2.3600000000000010E-002   1.5541850607974264E-002   4.0392036009554302E-005
   2.8000000000000021E-002   1.6910896972207354E-002   4.4800409417746658E-005
   3.3199999999999952E-002   1.8280154247175016E-002   4.6675624702591315E-005
   3.9199999999999985E-002   1.9782541877468082E-002   5.0097068052863263E-005
   4.6600000000000051E-002   2.1386002200104875E-002   6.1042842482517169E-005
   5.5200000000000041E-002   2.3005981571364374E-002   6.1086644161390587E-005
   6.5599999999999964E-002   2.4781169458449798E-002   6.6745130993268125E-005
   7.7600000000000002E-002   2.6589545481360603E-002   7.8830940178965784E-005
   9.2200000000000046E-002   2.8536505181214800E-002   8.3121616508547181E-005
  0.10920000000000016        3.0639723583990634E-002   8.4614350966809516E-005
  0.12940000000000018        3.2739165513281460E-002   8.1120713185381962E-005
  0.15360000000000013        3.5015847081318892E-002   8.4838185995167947E-005
  0.18200000000000024        3.7530895704282835E-002   1.1086406693790319E-004
  0.21579999999999988        4.0177581817614140E-002   1.2089923161168856E-004
  0.25600000000000017        4.3024684332944811E-002   1.2413037917641430E-004
  0.30339999999999995        4.6071337558737921E-002   1.2760188296487025E-004
  0.35979999999999995        4.9086609962510408E-002   1.3350003480909397E-004
  0.42660000000000031        5.2632896085452283E-002   1.6970386463446485E-004
  0.50600000000000012        5.6493310728533641E-002   1.6412218411692453E-004
  0.59979999999999967        6.0279802424373953E-002   1.6600381455851579E-004
  0.71119999999999994        6.4763932843057731E-002   1.9212740898712203E-004
  0.84340000000000093        6.9468468717296561E-002   2.4869389954513074E-004
   1.0000000000000000        7.4724171593233524E-002   2.3719898800891073E-004
   1.1858000000000002        8.0506761834811619E-002   2.4042275203356109E-004
   1.4060000000000012        8.7235730378158599E-002   2.9337959785092515E-004
   1.6670000000000014        9.4593900283173354E-002   3.2787366098680805E-004
   1.9766000000000019       0.10288780946685311        3.9352377813740169E-004
   2.3435999999999995       0.11243724159187846        4.3973073880754590E-004
   2.7789999999999973       0.12222838325607127        4.4985650218623611E-004
   3.2949999999999959       0.13448319592676330        5.1777952317999748E-004
   3.9070000000000040       0.14804552004622845        6.0753592685919983E-004
   4.6323999999999996       0.16441721016159902        6.5728445165008696E-004
   5.4927999999999937       0.18234157980029725        7.0525997733296994E-004
   6.5128000000000101       0.20449494055600032        7.9972188457819648E-004
   7.7223999999999942       0.22883745701014643        9.5046210948536056E-004
   9.1566000000000134       0.25788869716557550        1.1362518255375207E-003
   10.857000000000003       0.29206776165249221        1.1584475893050767E-003
   12.873399999999981       0.33277279799840076        1.3593836405285764E-003
   15.264000000000008       0.38022227452917223        1.7284260762167488E-003
   18.098799999999990       0.43666247612866277        1.8993186971745151E-003
   21.460000000000019       0.50495059714323509        2.1666381979561951E-003
   25.445400000000010       0.58595671479764266        2.6455206354309580E-003
   30.170800000000042       0.68149316847627084        2.8141925051092583E-003
   35.773999999999937       0.79641406568968576        3.2412928424454608E-003
   42.417600000000050       0.93499622252898162        3.6174489524996331E-003
   50.295200000000015        1.1002375158142650        4.0230207753003035E-003
   59.635600000000039        1.2982087179993234        4.9062744621709876E-003
   70.710599999999957        1.5362238928839369        6.0772182683994820E-003
   83.842599999999962        1.8192581308777811        6.5176568112801326E-003
   99.413199999999975        2.1596255442100558        7.3980992872839900E-003
   117.87539999999991        2.5595797538500702        9.3814588652899027E-003
   139.76640000000023        3.0410631623375788        1.1471531029882926E-002
   165.72279999999972        3.6162086868794376        1.4059064688166926E-002
   196.49940000000012        4.3006619100751617        1.6835445602901022E-002
   232.99179999999981        5.1154051233155373        2.1369250433741570E-002
   276.26139999999975        6.0832072774299570        2.7008736279576558E-002
   327.56659999999971        7.2173529355687975        3.4641498540591974E-002
   388.39979999999952        8.5731400779759657        4.3099826480829051E-002
   460.53059999999925        10.183896039742272        5.5767153626848788E-002
   546.05679999999938        12.082607937832307        7.3474160670876448E-002
   647.46639999999979        14.329595159001046        9.5348871922490586E-002
   767.70900000000063        16.971410943911977       0.12380676107013749     
   910.28220000000101        20.128845433695524       0.15713966694731707     
   1079.3328000000020        23.872495947538077       0.20527751344841252     
   1279.7784000000001        28.251897616616866       0.26615224602979182     
   1517.4493999999986        33.441802812607811       0.34660941246047117     
   1799.2586000000008        39.787418293342675       0.43880693555532257     
   2133.4036000000019        47.394560857532696       0.58189052465561220     
   2529.6032000000014        56.591460389836506       0.77948585218755506     
   2999.3821999999955        67.610517498960888        1.0231585053645247     
   3556.4049999999993        80.126323260608658        1.3853542081774453     
   4216.8738000000003        93.728592395363890        1.7785458977872892     
   5000.0000000000000        109.15548188710140        2.2412638085876360     
