  -22.250000000000000       0.61989392008225286     	  -22.250000000000000       0.62201803917359211     
  -21.750000000000000       0.61998958648442692     	  -21.750000000000000       0.62213147068604224     
  -21.250000000000000       0.62004208587922505     	  -21.250000000000000       0.62219685695066407     
  -20.750000000000000       0.62029487738485922     	  -20.750000000000000       0.62221153575642318     
  -20.250000000000000       0.62068286112881821     	  -20.250000000000000       0.62232600564816776     
  -19.750000000000000       0.62082026629819365     	  -19.750000000000000       0.62237153301069570     
  -19.250000000000000       0.62109688139292984     	  -19.250000000000000       0.62230288081224661     
  -18.750000000000000       0.62096998103670542     	  -18.750000000000000       0.62237987374113679     
  -18.250000000000000       0.62114427506783110     	  -18.250000000000000       0.62236118969188836     
  -17.750000000000000       0.62123453241679383     	  -17.750000000000000       0.62226554585015803     
  -17.250000000000000       0.62066680659941242     	  -17.250000000000000       0.62222010948590267     
  -16.750000000000000       0.62034316586794913     	  -16.750000000000000       0.62217064585395709     
  -16.250000000000000       0.61984465848389914     	  -16.250000000000000       0.62217735360686155     
  -15.750000000000000       0.61952587274831239     	  -15.750000000000000       0.62217012487943790     
  -15.250000000000000       0.61925077567915776     	  -15.250000000000000       0.62223447648618002     
  -14.750000000000000       0.61864295638494782     	  -14.750000000000000       0.62226664779710350     
  -14.250000000000000       0.61833535688837116     	  -14.250000000000000       0.62227318858794844     
  -13.750000000000000       0.61808572328831790     	  -13.750000000000000       0.62233495911513448     
  -13.250000000000000       0.61743039129561661     	  -13.250000000000000       0.62240656961788721     
  -12.750000000000000       0.61711131004992248     	  -12.750000000000000       0.62240372936271227     
  -12.250000000000000       0.61656532620010762     	  -12.250000000000000       0.62236469359147240     
  -11.750000000000000       0.61574272430929122     	  -11.750000000000000       0.62234962546628669     
  -11.250000000000000       0.61566627215703107     	  -11.250000000000000       0.62215303643150033     
  -10.750000000000000       0.61512633827356189     	  -10.750000000000000       0.62199706151964118     
  -10.250000000000000       0.61458718788226929     	  -10.250000000000000       0.62197706864898306     
  -9.7500000000000000       0.61416848337635555     	  -9.7500000000000000       0.62186143396939864     
  -9.2500000000000000       0.61370935885157696     	  -9.2500000000000000       0.62188619454155170     
  -8.7500000000000000       0.61283939369428297     	  -8.7500000000000000       0.62182393211628595     
  -8.2500000000000000       0.61216655576251133     	  -8.2500000000000000       0.62174859264672278     
  -7.7500000000000000       0.61189207491612208     	  -7.7500000000000000       0.62161758686124946     
  -7.2500000000000000       0.61152618235015022     	  -7.2500000000000000       0.62142135746844840     
  -6.7500000000000000       0.61078536546268092     	  -6.7500000000000000       0.62120634358092597     
  -6.2500000000000000       0.61047124162026578     	  -6.2500000000000000       0.62095937472176777     
  -5.7500000000000000       0.60993367449743330     	  -5.7500000000000000       0.62048571042762690     
  -5.2500000000000000       0.60931150174585824     	  -5.2500000000000000       0.61998246328882267     
  -4.7500000000000000       0.60826232044451456     	  -4.7500000000000000       0.61928443708495817     
  -4.2500000000000000       0.60671215945679302     	  -4.2500000000000000       0.61813206298410017     
  -3.7500000000000000       0.60493177272818421     	  -3.7500000000000000       0.61705062481993034     
  -3.2500000000000000       0.60269934705726746     	  -3.2500000000000000       0.61510899643855022     
  -2.7500000000000000       0.60081786356909561     	  -2.7500000000000000       0.61314647904795794     
  -2.2500000000000000       0.59788378383876783     	  -2.2500000000000000       0.61028433253048664     
  -1.7500000000000000       0.59522993916984324     	  -1.7500000000000000       0.60572003882227510     
  -1.2500000000000000       0.59275341326568054     	  -1.2500000000000000       0.60208073562111775     
 -0.75000000000000000       0.58790237749159902     	 -0.75000000000000000       0.59419179653403276     
 -0.25000000000000000       0.58625291781569722     	 -0.25000000000000000       0.58811530935268796     
  0.25000000000000000       0.59047930924798508     	  0.25000000000000000       0.58811994236532639     
  0.75000000000000000       0.59996661883466795     	  0.75000000000000000       0.59420347014287367     
   1.2500000000000000       0.60900160829594019     	   1.2500000000000000       0.60210685436476330     
   1.7500000000000000       0.61406678723953123     	   1.7500000000000000       0.60580741323465925     
   2.2500000000000000       0.61914630960252226     	   2.2500000000000000       0.61036828032751733     
   2.7500000000000000       0.62187719723422408     	   2.7500000000000000       0.61318491348587589     
   3.2500000000000000       0.62439978290270370     	   3.2500000000000000       0.61515679214361374     
   3.7500000000000000       0.62551117195766459     	   3.7500000000000000       0.61711529017798139     
   4.2500000000000000       0.62661246672368898     	   4.2500000000000000       0.61831433489144461     
   4.7500000000000000       0.62754819693352581     	   4.7500000000000000       0.61937888786434114     
   5.2500000000000000       0.62801160191525096     	   5.2500000000000000       0.61990972680946388     
   5.7500000000000000       0.62860266805631348     	   5.7500000000000000       0.62039727965752678     
   6.2500000000000000       0.62884160460268912     	   6.2500000000000000       0.62063486262536838     
   6.7500000000000000       0.62895570205751949     	   6.7500000000000000       0.62080493321955144     
   7.2500000000000000       0.62866596586740342     	   7.2500000000000000       0.62096204602755811     
   7.7500000000000000       0.62816007087380454     	   7.7500000000000000       0.62096473929901352     
   8.2500000000000000       0.62787073804536297     	   8.2500000000000000       0.62104227734013340     
   8.7500000000000000       0.62759515406571575     	   8.7500000000000000       0.62114702190950777     
   9.2500000000000000       0.62760945293336245     	   9.2500000000000000       0.62114158390740670     
   9.7500000000000000       0.62748952360784771     	   9.7500000000000000       0.62116637125955654     
   10.250000000000000       0.62759814335943553     	   10.250000000000000       0.62117298585737102     
   10.750000000000000       0.62772240528238910     	   10.750000000000000       0.62114168412731185     
   11.250000000000000       0.62746687183049810     	   11.250000000000000       0.62118987459030273     
   11.750000000000000       0.62717902523485103     	   11.750000000000000       0.62124099305528768     
   12.250000000000000       0.62688071644665855     	   12.250000000000000       0.62125027258386356     
   12.750000000000000       0.62619231042870949     	   12.750000000000000       0.62135905997554863     
   13.250000000000000       0.62553037753281804     	   13.250000000000000       0.62138528004568472     
   13.750000000000000       0.62483927645972004     	   13.750000000000000       0.62139209639800697     
   14.250000000000000       0.62440373892126921     	   14.250000000000000       0.62135685916738448     
   14.750000000000000       0.62390615903771018     	   14.750000000000000       0.62131435357895204     
   15.250000000000000       0.62369299576889359     	   15.250000000000000       0.62136307569064608     
   15.750000000000000       0.62345637767045081     	   15.750000000000000       0.62128926427181197     
   16.250000000000000       0.62322952655135067     	   16.250000000000000       0.62128288801721299     
   16.750000000000000       0.62298449970412284     	   16.750000000000000       0.62131460414418183     
   17.250000000000000       0.62237296366355588     	   17.250000000000000       0.62131396409964734     
   17.750000000000000       0.62197493722344754     	   17.750000000000000       0.62143039076275397     
   18.250000000000000       0.62191741227153341     	   18.250000000000000       0.62147189878287490     
   18.750000000000000       0.62151554750953797     	   18.750000000000000       0.62152340045586618     
   19.250000000000000       0.62115473986021275     	   19.250000000000000       0.62160605660767876     
   19.750000000000000       0.62077916948227752     	   19.750000000000000       0.62160038169178877     
   20.250000000000000       0.62036503627346951     	   20.250000000000000       0.62167402180861375     
   20.750000000000000       0.61997842693313276     	   20.750000000000000       0.62172022533784199     
   21.250000000000000       0.61952890092714974     	   21.250000000000000       0.62179552053547849     
   21.750000000000000       0.61949803688842353     	   21.750000000000000       0.62183659740228003     
   22.250000000000000       0.61997038219991918     	   22.250000000000000       0.62187756412419382     
