  -22.250000000000000       0.62043902124902728     	  -22.250000000000000       0.62201803917359211     
  -21.750000000000000       0.62018540338000294     	  -21.750000000000000       0.62213147068604224     
  -21.250000000000000       0.62006006680683456     	  -21.250000000000000       0.62219685695066407     
  -20.750000000000000       0.61986458281652979     	  -20.750000000000000       0.62221153575642318     
  -20.250000000000000       0.61989245893626566     	  -20.250000000000000       0.62232600564816776     
  -19.750000000000000       0.62015706686289751     	  -19.750000000000000       0.62237153301069570     
  -19.250000000000000       0.61946131806434079     	  -19.250000000000000       0.62230288081224661     
  -18.750000000000000       0.61953972090610054     	  -18.750000000000000       0.62237987374113679     
  -18.250000000000000       0.61909774781723614     	  -18.250000000000000       0.62236118969188836     
  -17.750000000000000       0.61815375915171578     	  -17.750000000000000       0.62226554585015803     
  -17.250000000000000       0.61781559825465571     	  -17.250000000000000       0.62222010948590267     
  -16.750000000000000       0.61796686148607727     	  -16.750000000000000       0.62217064585395709     
  -16.250000000000000       0.61863000136032531     	  -16.250000000000000       0.62217735360686155     
  -15.750000000000000       0.61929591286548336     	  -15.750000000000000       0.62217012487943790     
  -15.250000000000000       0.61962843997170058     	  -15.250000000000000       0.62223447648618002     
  -14.750000000000000       0.61991232103304406     	  -14.750000000000000       0.62226664779710350     
  -14.250000000000000       0.62026270080952595     	  -14.250000000000000       0.62227318858794844     
  -13.750000000000000       0.62020762413821140     	  -13.750000000000000       0.62233495911513448     
  -13.250000000000000       0.61962777939124081     	  -13.250000000000000       0.62240656961788721     
  -12.750000000000000       0.61930176235812795     	  -12.750000000000000       0.62240372936271227     
  -12.250000000000000       0.61900796317313711     	  -12.250000000000000       0.62236469359147240     
  -11.750000000000000       0.61835718831769049     	  -11.750000000000000       0.62234962546628669     
  -11.250000000000000       0.61809230113940816     	  -11.250000000000000       0.62215303643150033     
  -10.750000000000000       0.61773945633431460     	  -10.750000000000000       0.62199706151964118     
  -10.250000000000000       0.61737347137570830     	  -10.250000000000000       0.62197706864898306     
  -9.7500000000000000       0.61749066787438955     	  -9.7500000000000000       0.62186143396939864     
  -9.2500000000000000       0.61715521420919395     	  -9.2500000000000000       0.62188619454155170     
  -8.7500000000000000       0.61677353928829326     	  -8.7500000000000000       0.62182393211628595     
  -8.2500000000000000       0.61593143884109625     	  -8.2500000000000000       0.62174859264672278     
  -7.7500000000000000       0.61517893159796500     	  -7.7500000000000000       0.62161758686124946     
  -7.2500000000000000       0.61414846663332467     	  -7.2500000000000000       0.62142135746844840     
  -6.7500000000000000       0.61268095178138415     	  -6.7500000000000000       0.62120634358092597     
  -6.2500000000000000       0.61163263328219941     	  -6.2500000000000000       0.62095937472176777     
  -5.7500000000000000       0.61045707517268988     	  -5.7500000000000000       0.62048571042762690     
  -5.2500000000000000       0.60904663444134166     	  -5.2500000000000000       0.61998246328882267     
  -4.7500000000000000       0.60759033737803425     	  -4.7500000000000000       0.61928443708495817     
  -4.2500000000000000       0.60582037566094249     	  -4.2500000000000000       0.61813206298410017     
  -3.7500000000000000       0.60410714633084961     	  -3.7500000000000000       0.61705062481993034     
  -3.2500000000000000       0.60117385775514820     	  -3.2500000000000000       0.61510899643855022     
  -2.7500000000000000       0.59875969957749364     	  -2.7500000000000000       0.61314647904795794     
  -2.2500000000000000       0.59581691079791088     	  -2.2500000000000000       0.61028433253048664     
  -1.7500000000000000       0.59289470673485001     	  -1.7500000000000000       0.60572003882227510     
  -1.2500000000000000       0.59030531826029764     	  -1.2500000000000000       0.60208073562111775     
 -0.75000000000000000       0.58544221372053717     	 -0.75000000000000000       0.59419179653403276     
 -0.25000000000000000       0.58403462210349466     	 -0.25000000000000000       0.58811530935268796     
  0.25000000000000000       0.58850042782927259     	  0.25000000000000000       0.58811994236532639     
  0.75000000000000000       0.59818095371845914     	  0.75000000000000000       0.59420347014287367     
   1.2500000000000000       0.60723159636992807     	   1.2500000000000000       0.60210685436476330     
   1.7500000000000000       0.61187683251284952     	   1.7500000000000000       0.60580741323465925     
   2.2500000000000000       0.61682484632399459     	   2.2500000000000000       0.61036828032751733     
   2.7500000000000000       0.61918443187439920     	   2.7500000000000000       0.61318491348587589     
   3.2500000000000000       0.62101234776513692     	   3.2500000000000000       0.61515679214361374     
   3.7500000000000000       0.62239301953869075     	   3.7500000000000000       0.61711529017798139     
   4.2500000000000000       0.62331108913498656     	   4.2500000000000000       0.61831433489144461     
   4.7500000000000000       0.62421301649395988     	   4.7500000000000000       0.61937888786434114     
   5.2500000000000000       0.62438520229440908     	   5.2500000000000000       0.61990972680946388     
   5.7500000000000000       0.62481575871440842     	   5.7500000000000000       0.62039727965752678     
   6.2500000000000000       0.62537976666066064     	   6.2500000000000000       0.62063486262536838     
   6.7500000000000000       0.62567813991813304     	   6.7500000000000000       0.62080493321955144     
   7.2500000000000000       0.62598567915106307     	   7.2500000000000000       0.62096204602755811     
   7.7500000000000000       0.62643758177956410     	   7.7500000000000000       0.62096473929901352     
   8.2500000000000000       0.62696854184825790     	   8.2500000000000000       0.62104227734013340     
   8.7500000000000000       0.62718700103285940     	   8.7500000000000000       0.62114702190950777     
   9.2500000000000000       0.62687500105725180     	   9.2500000000000000       0.62114158390740670     
   9.7500000000000000       0.62668249762433170     	   9.7500000000000000       0.62116637125955654     
   10.250000000000000       0.62634943671493681     	   10.250000000000000       0.62117298585737102     
   10.750000000000000       0.62583493356404318     	   10.750000000000000       0.62114168412731185     
   11.250000000000000       0.62562662440273609     	   11.250000000000000       0.62118987459030273     
   11.750000000000000       0.62605596569144806     	   11.750000000000000       0.62124099305528768     
   12.250000000000000       0.62596626435012703     	   12.250000000000000       0.62125027258386356     
   12.750000000000000       0.62655995660198049     	   12.750000000000000       0.62135905997554863     
   13.250000000000000       0.62708784408645346     	   13.250000000000000       0.62138528004568472     
   13.750000000000000       0.62683062792640465     	   13.750000000000000       0.62139209639800697     
   14.250000000000000       0.62661492726293588     	   14.250000000000000       0.62135685916738448     
   14.750000000000000       0.62609230789859971     	   14.750000000000000       0.62131435357895204     
   15.250000000000000       0.62593795139391828     	   15.250000000000000       0.62136307569064608     
   15.750000000000000       0.62527998724345502     	   15.750000000000000       0.62128926427181197     
   16.250000000000000       0.62443476422618638     	   16.250000000000000       0.62128288801721299     
   16.750000000000000       0.62404784908699684     	   16.750000000000000       0.62131460414418183     
   17.250000000000000       0.62374058687616818     	   17.250000000000000       0.62131396409964734     
   17.750000000000000       0.62348949234039863     	   17.750000000000000       0.62143039076275397     
   18.250000000000000       0.62300119217785099     	   18.250000000000000       0.62147189878287490     
   18.750000000000000       0.62283539421829759     	   18.750000000000000       0.62152340045586618     
   19.250000000000000       0.62238826022645721     	   19.250000000000000       0.62160605660767876     
   19.750000000000000       0.62198886588066060     	   19.750000000000000       0.62160038169178877     
   20.250000000000000       0.62141231519494589     	   20.250000000000000       0.62167402180861375     
   20.750000000000000       0.62088327189595394     	   20.750000000000000       0.62172022533784199     
   21.250000000000000       0.62070702287727653     	   21.250000000000000       0.62179552053547849     
   21.750000000000000       0.62055919624690647     	   21.750000000000000       0.62183659740228003     
   22.250000000000000       0.62056869686007821     	   22.250000000000000       0.62187756412419382     
