  -22.250000000000000       0.62140732253775954     	  -22.250000000000000       0.62201803917359211     
  -21.750000000000000       0.62130613320400396     	  -21.750000000000000       0.62213147068604224     
  -21.250000000000000       0.62122756838013748     	  -21.250000000000000       0.62219685695066407     
  -20.750000000000000       0.62113865442773741     	  -20.750000000000000       0.62221153575642318     
  -20.250000000000000       0.62107384764093521     	  -20.250000000000000       0.62232600564816776     
  -19.750000000000000       0.62101143318016372     	  -19.750000000000000       0.62237153301069570     
  -19.250000000000000       0.62095511234876222     	  -19.250000000000000       0.62230288081224661     
  -18.750000000000000       0.62086191969699067     	  -18.750000000000000       0.62237987374113679     
  -18.250000000000000       0.62080475156978998     	  -18.250000000000000       0.62236118969188836     
  -17.750000000000000       0.62070660568069580     	  -17.750000000000000       0.62226554585015803     
  -17.250000000000000       0.62056574959296151     	  -17.250000000000000       0.62222010948590267     
  -16.750000000000000       0.62040093717604772     	  -16.750000000000000       0.62217064585395709     
  -16.250000000000000       0.62017673029943310     	  -16.250000000000000       0.62217735360686155     
  -15.750000000000000       0.61995536512504490     	  -15.750000000000000       0.62217012487943790     
  -15.250000000000000       0.61980832493037841     	  -15.250000000000000       0.62223447648618002     
  -14.750000000000000       0.61962287622007162     	  -14.750000000000000       0.62226664779710350     
  -14.250000000000000       0.61940420685543940     	  -14.250000000000000       0.62227318858794844     
  -13.750000000000000       0.61914848985354576     	  -13.750000000000000       0.62233495911513448     
  -13.250000000000000       0.61891586682437072     	  -13.250000000000000       0.62240656961788721     
  -12.750000000000000       0.61872152613551534     	  -12.750000000000000       0.62240372936271227     
  -12.250000000000000       0.61848335016084133     	  -12.250000000000000       0.62236469359147240     
  -11.750000000000000       0.61818986146032262     	  -11.750000000000000       0.62234962546628669     
  -11.250000000000000       0.61792418706166807     	  -11.250000000000000       0.62215303643150033     
  -10.750000000000000       0.61766537399170285     	  -10.750000000000000       0.62199706151964118     
  -10.250000000000000       0.61735518337460227     	  -10.250000000000000       0.62197706864898306     
  -9.7500000000000000       0.61698454414836201     	  -9.7500000000000000       0.62186143396939864     
  -9.2500000000000000       0.61662860266916253     	  -9.2500000000000000       0.62188619454155170     
  -8.7500000000000000       0.61625631404772119     	  -8.7500000000000000       0.62182393211628595     
  -8.2500000000000000       0.61583519566763156     	  -8.2500000000000000       0.62174859264672278     
  -7.7500000000000000       0.61541028766553074     	  -7.7500000000000000       0.62161758686124946     
  -7.2500000000000000       0.61488758234965224     	  -7.2500000000000000       0.62142135746844840     
  -6.7500000000000000       0.61424559520348532     	  -6.7500000000000000       0.62120634358092597     
  -6.2500000000000000       0.61350855406462701     	  -6.2500000000000000       0.62095937472176777     
  -5.7500000000000000       0.61260195816954965     	  -5.7500000000000000       0.62048571042762690     
  -5.2500000000000000       0.61151114080717672     	  -5.2500000000000000       0.61998246328882267     
  -4.7500000000000000       0.61023983876331711     	  -4.7500000000000000       0.61928443708495817     
  -4.2500000000000000       0.60881009029617994     	  -4.2500000000000000       0.61813206298410017     
  -3.7500000000000000       0.60701704285999558     	  -3.7500000000000000       0.61705062481993034     
  -3.2500000000000000       0.60495795514218409     	  -3.2500000000000000       0.61510899643855022     
  -2.7500000000000000       0.60283395152411268     	  -2.7500000000000000       0.61314647904795794     
  -2.2500000000000000       0.59988732000631695     	  -2.2500000000000000       0.61028433253048664     
  -1.7500000000000000       0.59678120114576005     	  -1.7500000000000000       0.60572003882227510     
  -1.2500000000000000       0.59355484152056592     	  -1.2500000000000000       0.60208073562111775     
 -0.75000000000000000       0.58844125583662443     	 -0.75000000000000000       0.59419179653403276     
 -0.25000000000000000       0.58667863598209979     	 -0.25000000000000000       0.58811530935268796     
  0.25000000000000000       0.59079041488979822     	  0.25000000000000000       0.58811994236532639     
  0.75000000000000000       0.60016226293068653     	  0.75000000000000000       0.59420347014287367     
   1.2500000000000000       0.60904696866517805     	   1.2500000000000000       0.60210685436476330     
   1.7500000000000000       0.61367872313403860     	   1.7500000000000000       0.60580741323465925     
   2.2500000000000000       0.61854442587987812     	   2.2500000000000000       0.61036828032751733     
   2.7500000000000000       0.62089753522438496     	   2.7500000000000000       0.61318491348587589     
   3.2500000000000000       0.62325616874351764     	   3.2500000000000000       0.61515679214361374     
   3.7500000000000000       0.62464241894016215     	   3.7500000000000000       0.61711529017798139     
   4.2500000000000000       0.62558762084690089     	   4.2500000000000000       0.61831433489144461     
   4.7500000000000000       0.62630243533661067     	   4.7500000000000000       0.61937888786434114     
   5.2500000000000000       0.62661576870825531     	   5.2500000000000000       0.61990972680946388     
   5.7500000000000000       0.62688403680201932     	   5.7500000000000000       0.62039727965752678     
   6.2500000000000000       0.62687824826523775     	   6.2500000000000000       0.62063486262536838     
   6.7500000000000000       0.62684163116567648     	   6.7500000000000000       0.62080493321955144     
   7.2500000000000000       0.62668297379617255     	   7.2500000000000000       0.62096204602755811     
   7.7500000000000000       0.62654880759809262     	   7.7500000000000000       0.62096473929901352     
   8.2500000000000000       0.62635751177551935     	   8.2500000000000000       0.62104227734013340     
   8.7500000000000000       0.62612623818703261     	   8.7500000000000000       0.62114702190950777     
   9.2500000000000000       0.62587653211246297     	   9.2500000000000000       0.62114158390740670     
   9.7500000000000000       0.62566315536246175     	   9.7500000000000000       0.62116637125955654     
   10.250000000000000       0.62546074943770591     	   10.250000000000000       0.62117298585737102     
   10.750000000000000       0.62520557894986661     	   10.750000000000000       0.62114168412731185     
   11.250000000000000       0.62500371634387419     	   11.250000000000000       0.62118987459030273     
   11.750000000000000       0.62477414100182127     	   11.750000000000000       0.62124099305528768     
   12.250000000000000       0.62454178238624170     	   12.250000000000000       0.62125027258386356     
   12.750000000000000       0.62429733121933506     	   12.750000000000000       0.62135905997554863     
   13.250000000000000       0.62404944290036335     	   13.250000000000000       0.62138528004568472     
   13.750000000000000       0.62376825835260419     	   13.750000000000000       0.62139209639800697     
   14.250000000000000       0.62362595039505031     	   14.250000000000000       0.62135685916738448     
   14.750000000000000       0.62343283218617662     	   14.750000000000000       0.62131435357895204     
   15.250000000000000       0.62313293102664780     	   15.250000000000000       0.62136307569064608     
   15.750000000000000       0.62300648372434164     	   15.750000000000000       0.62128926427181197     
   16.250000000000000       0.62281077414700814     	   16.250000000000000       0.62128288801721299     
   16.750000000000000       0.62262994847102571     	   16.750000000000000       0.62131460414418183     
   17.250000000000000       0.62251531519507541     	   17.250000000000000       0.62131396409964734     
   17.750000000000000       0.62237872563502894     	   17.750000000000000       0.62143039076275397     
   18.250000000000000       0.62227160316683228     	   18.250000000000000       0.62147189878287490     
   18.750000000000000       0.62218446248429460     	   18.750000000000000       0.62152340045586618     
   19.250000000000000       0.62212296139519363     	   19.250000000000000       0.62160605660767876     
   19.750000000000000       0.62205702539680652     	   19.750000000000000       0.62160038169178877     
   20.250000000000000       0.62198420296416368     	   20.250000000000000       0.62167402180861375     
   20.750000000000000       0.62194513989946998     	   20.750000000000000       0.62172022533784199     
   21.250000000000000       0.62183325386917521     	   21.250000000000000       0.62179552053547849     
   21.750000000000000       0.62164009049752766     	   21.750000000000000       0.62183659740228003     
   22.250000000000000       0.62152117294692300     	   22.250000000000000       0.62187756412419382     
