  -22.250000000000000       0.62039041181870969     	  -22.250000000000000       0.62201803917359211     
  -21.750000000000000       0.62019314950978766     	  -21.750000000000000       0.62213147068604224     
  -21.250000000000000       0.61971334114754872     	  -21.250000000000000       0.62219685695066407     
  -20.750000000000000       0.62019885228577332     	  -20.750000000000000       0.62221153575642318     
  -20.250000000000000       0.62020253609448661     	  -20.250000000000000       0.62232600564816776     
  -19.750000000000000       0.62016766200481388     	  -19.750000000000000       0.62237153301069570     
  -19.250000000000000       0.62026800192264531     	  -19.250000000000000       0.62230288081224661     
  -18.750000000000000       0.62002259400275350     	  -18.750000000000000       0.62237987374113679     
  -18.250000000000000       0.61975839278535816     	  -18.250000000000000       0.62236118969188836     
  -17.750000000000000       0.61975888743233665     	  -17.750000000000000       0.62226554585015803     
  -17.250000000000000       0.61969135170208356     	  -17.250000000000000       0.62222010948590267     
  -16.750000000000000       0.61957278036399843     	  -16.750000000000000       0.62217064585395709     
  -16.250000000000000       0.61942766422920748     	  -16.250000000000000       0.62217735360686155     
  -15.750000000000000       0.61951700287892009     	  -15.750000000000000       0.62217012487943790     
  -15.250000000000000       0.61922645150212430     	  -15.250000000000000       0.62223447648618002     
  -14.750000000000000       0.61885456490974300     	  -14.750000000000000       0.62226664779710350     
  -14.250000000000000       0.61846014663444271     	  -14.250000000000000       0.62227318858794844     
  -13.750000000000000       0.61840893122333551     	  -13.750000000000000       0.62233495911513448     
  -13.250000000000000       0.61826840305131747     	  -13.250000000000000       0.62240656961788721     
  -12.750000000000000       0.61819081555062061     	  -12.750000000000000       0.62240372936271227     
  -12.250000000000000       0.61776758936391085     	  -12.250000000000000       0.62236469359147240     
  -11.750000000000000       0.61747503254255520     	  -11.750000000000000       0.62234962546628669     
  -11.250000000000000       0.61716083219838669     	  -11.250000000000000       0.62215303643150033     
  -10.750000000000000       0.61622990376617748     	  -10.750000000000000       0.62199706151964118     
  -10.250000000000000       0.61555184380753880     	  -10.250000000000000       0.62197706864898306     
  -9.7500000000000000       0.61511390835501922     	  -9.7500000000000000       0.62186143396939864     
  -9.2500000000000000       0.61457698966704777     	  -9.2500000000000000       0.62188619454155170     
  -8.7500000000000000       0.61319990716469130     	  -8.7500000000000000       0.62182393211628595     
  -8.2500000000000000       0.61229149900299695     	  -8.2500000000000000       0.62174859264672278     
  -7.7500000000000000       0.61147441917610201     	  -7.7500000000000000       0.62161758686124946     
  -7.2500000000000000       0.61013041185225325     	  -7.2500000000000000       0.62142135746844840     
  -6.7500000000000000       0.60925348429087112     	  -6.7500000000000000       0.62120634358092597     
  -6.2500000000000000       0.60794471268011996     	  -6.2500000000000000       0.62095937472176777     
  -5.7500000000000000       0.60692042705320037     	  -5.7500000000000000       0.62048571042762690     
  -5.2500000000000000       0.60613771145016038     	  -5.2500000000000000       0.61998246328882267     
  -4.7500000000000000       0.60480977418133441     	  -4.7500000000000000       0.61928443708495817     
  -4.2500000000000000       0.60416248835551956     	  -4.2500000000000000       0.61813206298410017     
  -3.7500000000000000       0.60269246736109017     	  -3.7500000000000000       0.61705062481993034     
  -3.2500000000000000       0.60088249862996734     	  -3.2500000000000000       0.61510899643855022     
  -2.7500000000000000       0.59906752829336429     	  -2.7500000000000000       0.61314647904795794     
  -2.2500000000000000       0.59618771841717855     	  -2.2500000000000000       0.61028433253048664     
  -1.7500000000000000       0.59384878061585977     	  -1.7500000000000000       0.60572003882227510     
  -1.2500000000000000       0.59201454868645154     	  -1.2500000000000000       0.60208073562111775     
 -0.75000000000000000       0.58714552102572615     	 -0.75000000000000000       0.59419179653403276     
 -0.25000000000000000       0.58534267952676489     	 -0.25000000000000000       0.58811530935268796     
  0.25000000000000000       0.58951167712954256     	  0.25000000000000000       0.58811994236532639     
  0.75000000000000000       0.59882797419113565     	  0.75000000000000000       0.59420347014287367     
   1.2500000000000000       0.60804683024345929     	   1.2500000000000000       0.60210685436476330     
   1.7500000000000000       0.61286011586422773     	   1.7500000000000000       0.60580741323465925     
   2.2500000000000000       0.61779089780351037     	   2.2500000000000000       0.61036828032751733     
   2.7500000000000000       0.62121037072648233     	   2.7500000000000000       0.61318491348587589     
   3.2500000000000000       0.62341432362995197     	   3.2500000000000000       0.61515679214361374     
   3.7500000000000000       0.62485418447505925     	   3.7500000000000000       0.61711529017798139     
   4.2500000000000000       0.62598950764848205     	   4.2500000000000000       0.61831433489144461     
   4.7500000000000000       0.62660973392948516     	   4.7500000000000000       0.61937888786434114     
   5.2500000000000000       0.62736050209856842     	   5.2500000000000000       0.61990972680946388     
   5.7500000000000000       0.62733674076996160     	   5.7500000000000000       0.62039727965752678     
   6.2500000000000000       0.62744106727792726     	   6.2500000000000000       0.62063486262536838     
   6.7500000000000000       0.62706838716632218     	   6.7500000000000000       0.62080493321955144     
   7.2500000000000000       0.62650238450118878     	   7.2500000000000000       0.62096204602755811     
   7.7500000000000000       0.62667923256703928     	   7.7500000000000000       0.62096473929901352     
   8.2500000000000000       0.62654639644243726     	   8.2500000000000000       0.62104227734013340     
   8.7500000000000000       0.62679430323045882     	   8.7500000000000000       0.62114702190950777     
   9.2500000000000000       0.62713226808192413     	   9.2500000000000000       0.62114158390740670     
   9.7500000000000000       0.62731517708392748     	   9.7500000000000000       0.62116637125955654     
   10.250000000000000       0.62691968171461931     	   10.250000000000000       0.62117298585737102     
   10.750000000000000       0.62628702502534705     	   10.750000000000000       0.62114168412731185     
   11.250000000000000       0.62578731234720830     	   11.250000000000000       0.62118987459030273     
   11.750000000000000       0.62532744187412148     	   11.750000000000000       0.62124099305528768     
   12.250000000000000       0.62456232868602835     	   12.250000000000000       0.62125027258386356     
   12.750000000000000       0.62362014145175637     	   12.750000000000000       0.62135905997554863     
   13.250000000000000       0.62313506951089936     	   13.250000000000000       0.62138528004568472     
   13.750000000000000       0.62254372614279097     	   13.750000000000000       0.62139209639800697     
   14.250000000000000       0.62230306280145475     	   14.250000000000000       0.62135685916738448     
   14.750000000000000       0.62244030741371670     	   14.750000000000000       0.62131435357895204     
   15.250000000000000       0.62229980799943296     	   15.250000000000000       0.62136307569064608     
   15.750000000000000       0.62194052816342793     	   15.750000000000000       0.62128926427181197     
   16.250000000000000       0.62197677227248194     	   16.250000000000000       0.62128288801721299     
   16.750000000000000       0.62200618206676095     	   16.750000000000000       0.62131460414418183     
   17.250000000000000       0.62181342424576769     	   17.250000000000000       0.62131396409964734     
   17.750000000000000       0.62231981556099891     	   17.750000000000000       0.62143039076275397     
   18.250000000000000       0.62217578206379931     	   18.250000000000000       0.62147189878287490     
   18.750000000000000       0.62195275278188744     	   18.750000000000000       0.62152340045586618     
   19.250000000000000       0.62187407792049865     	   19.250000000000000       0.62160605660767876     
   19.750000000000000       0.62136339023409537     	   19.750000000000000       0.62160038169178877     
   20.250000000000000       0.62088304637250069     	   20.250000000000000       0.62167402180861375     
   20.750000000000000       0.62036529815875030     	   20.750000000000000       0.62172022533784199     
   21.250000000000000       0.62016855347974553     	   21.250000000000000       0.62179552053547849     
   21.750000000000000       0.62026274301579443     	   21.750000000000000       0.62183659740228003     
   22.250000000000000       0.62007403946909312     	   22.250000000000000       0.62187756412419382     
