333.33333333333314 24.3139
285.71428571428550 23.7897
249.99999999999983 23.0748
199.99999999999989 22.3381
181.81818181818173 21.5236
153.84615384615373 20.641
133.33333333333323 19.7387
111.11111111111103 18.745
95.238095238095312 17.9156
80.000000000000085 16.9493
66.666666666666615 16.0348
57.142857142857160 15.0953
48.780487804878099 14.2219
41.666666666666643 13.3636
35.714285714285687 12.5617
30.303030303030333 11.8004
25.641025641025642 11.0572
21.978021978021950 10.3504
18.691588785046704 9.67355
15.873015873015859 9.03316
13.513513513513526 8.42748
11.494252873563221 7.85188
9.8039215686274428 7.29763
8.3333333333333268 6.77229
7.0921985815602833 6.2725
6.0422960725075567 5.79519
5.1413881748072026 5.33955
4.3763676148796451 4.90507
3.7243947858473021 4.49451
3.1695721077654513 4.09974
2.6990553306342790 3.71957
2.2962112514351305 3.36065
1.9550342130987264 3.02485
1.6638935108153097 2.70846
1.4154281670205258 2.40812
1.2048192771084354 2.12927
1.0256410256410247 1.8732
0.87298123090353641 1.63596
0.74294205052005813 1.41767
0.63251106894370568 1.22157
0.53835800807536971 1.0482
0.45819014891179799 0.893601
0.38993955936829783 0.754562
0.33189512114171887 0.631967
0.28252578047746840 0.527192
0.24044241404183714 0.437914
0.20466639377814155 0.361236
0.17418568193694475 0.295959
0.14825796886582646 0.24168
0.12619092687235772 0.195465
0.10740561731378549 0.156206
9.1416034372428956E-002 0.12455
7.7808901338313197E-002 0.0992273
6.6225165562913843E-002 0.0789236
5.6368197063216899E-002 0.0620396
4.7976587425336503E-002 0.048284
4.0834660459798243E-002 0.0376223
3.4756012790212724E-002 0.0291888
2.9582297952904950E-002 0.0223432
2.5178452280538312E-002 0.0171049
2.1430484864720090E-002 0.0132112
1.8240186779512609E-002 0.0100669
1.5524936929943738E-002 0.00756134
1.3213879859404334E-002 0.005706
1.1246822772566748E-002 0.00424592
9.5725841190829383E-003 0.00311929
8.1476019570540011E-003 0.00229342
6.9347406233638345E-003 0.00166741
5.9024211731652336E-003 0.00127472
5.0237750152597165E-003 0.000977492
4.2759254706190436E-003 0.000736928
3.6394008818268326E-003 0.00055613
3.0976343366570943E-003 0.000407271
2.6365120000843658E-003 0.000306347
2.2440367528339415E-003 0.000236954
1.9099843476782696E-003 0.000170759
1.6256607294827391E-003 0.000120315
1.3836617223821109E-003 8.55817e-05
1.1776870697025855E-003 5.89592e-05
1.0023746254877797E-003 4.54874e-05
8.5315897039069078E-004 3.3922e-05
7.2615603132491883E-004 2.35361e-05
6.1805900423895707E-004 1.56516e-05
5.2605359328797697E-004 9.90587e-06
