833.33333333333269 54.4491
714.28571428571490 53.6391
624.99999999999966 52.4625
499.99999999999966 51.0433
416.66666666666634 49.4275
357.14285714285745 47.6071
294.11764705882297 45.7116
249.99999999999983 43.5424
208.33333333333317 41.5819
172.41379310344800 39.6008
142.85714285714275 37.5115
121.95121951219519 35.5339
102.04081632653065 33.5258
84.745762711864373 31.6278
71.428571428571374 29.8389
59.523809523809490 28.1714
49.999999999999972 26.563
41.666666666666643 25.0513
34.965034965034995 23.6446
29.239766081871355 22.3076
24.509803921568651 21.0669
20.491803278688536 19.9052
17.182130584192461 18.8342
14.409221902017304 17.8374
12.048192771084322 16.9013
10.101010101010088 16.0307
8.4602368866328330 15.2224
7.0821529745042424 14.4695
5.9311981020166140 13.7689
4.9701789264413518 13.1159
4.1631973355537077 12.506
3.4867503486750371 11.9367
2.9205607476635502 11.404
2.4461839530332705 10.9014
2.0483408439164288 10.4296
1.7158544955387796 9.98919
1.4367816091954027 9.57587
1.2036591237361558 9.18132
1.0080645161290334 8.80802
0.84430935494765413 8.45247
0.70711356243812817 8.11538
0.59220656164870378 7.79442
0.49603174603174560 7.4854
0.41545492314083932 7.18974
0.34794711203897039 6.90698
0.29142624001865153 6.63323
0.24409295059558675 6.36506
0.20443208766047918 6.09832
0.17122701277353525 5.83906
0.14341029685931431 5.58926
0.12011146343807046 5.33865
0.10059957345780857 5.08458
8.4257355667149827E-002 4.82675
7.0569638118895814E-002 4.56464
5.9105846750360527E-002 4.30447
4.9503970218411589E-002 4.04234
4.1462120206978891E-002 3.77207
3.4726321857441553E-002 3.50171
2.9085155518326508E-002 3.22848
2.4360179875568187E-002 2.95638
2.0402833545522813E-002 2.68388
1.7088408590684747E-002 2.41645
1.4312376197945887E-002 2.15862
1.1987303048610917E-002 1.91468
1.0039959036967137E-002 1.67976
8.4089578946660356E-003 1.45486
7.0429181345281816E-003 1.25014
5.8987932248820473E-003 1.06635
4.9405308303945407E-003 0.902107
4.1379356004806623E-003 0.7497
3.4657239897414511E-003 0.617524
2.9027138051907512E-003 0.507834
2.4311663861100682E-003 0.414934
2.0362211156944167E-003 0.334251
1.7054351878349262E-003 0.265802
1.4283857384254327E-003 0.211169
1.1963431140763420E-003 0.166824
1.0019961767833883E-003 0.13112
8.3922116918614851E-004 0.102314
7.0288897207970323E-004 0.0804309
5.8870404105292355E-004 0.0630023
4.9306854106343791E-004 0.0485261
4.1296914740537242E-004 0.0373323
3.4588195367132635E-004 0.0285474
2.8969312980575506E-004 0.0209806
