833.33333333333269 197.912
714.28571428571490 160.431
624.99999999999966 135.67
499.99999999999966 117
416.66666666666634 101.815
357.14285714285745 88.8752
294.11764705882297 77.5399
249.99999999999983 67.3673
208.33333333333317 59.0029
172.41379310344800 51.8556
142.85714285714275 45.5751
121.95121951219519 40.2453
102.04081632653065 35.5996
84.745762711864373 31.5884
71.428571428571374 28.1446
59.523809523809490 25.1755
49.999999999999972 22.5428
41.666666666666643 20.2452
34.965034965034995 18.2508
29.239766081871355 16.4976
24.509803921568651 14.9526
20.491803278688536 13.5858
17.182130584192461 12.3632
14.409221902017304 11.2714
12.048192771084322 10.3118
10.101010101010088 9.44932
8.4602368866328330 8.67139
7.0821529745042424 7.96504
5.9311981020166140 7.3295
4.9701789264413518 6.75451
4.1631973355537077 6.23436
3.4867503486750371 5.7619
2.9205607476635502 5.33602
2.4461839530332705 4.95868
2.0483408439164288 4.6184
1.7158544955387796 4.29555
1.4367816091954027 4.0043
1.2036591237361558 3.75428
1.0080645161290334 3.53267
0.84430935494765413 3.33371
0.70711356243812817 3.14734
0.59220656164870378 2.98293
0.49603174603174560 2.84193
0.41545492314083932 2.71058
0.34794711203897039 2.58978
0.29142624001865153 2.48751
0.24409295059558675 2.40987
0.20443208766047918 2.35384
0.17122701277353525 2.28872
0.14341029685931431 2.22521
0.12011146343807046 2.18685
0.10059957345780857 2.16287
8.4257355667149827E-002 2.14891
7.0569638118895814E-002 2.14283
5.9105846750360527E-002 2.12794
4.9503970218411589E-002 2.12058
4.1462120206978891E-002 2.11256
3.4726321857441553E-002 2.0899
2.9085155518326508E-002 2.06827
2.4360179875568187E-002 2.04711
2.0402833545522813E-002 2.01549
1.7088408590684747E-002 1.96424
1.4312376197945887E-002 1.89774
1.1987303048610917E-002 1.81801
1.0039959036967137E-002 1.73773
8.4089578946660356E-003 1.64937
7.0429181345281816E-003 1.54753
5.8987932248820473E-003 1.43658
4.9405308303945407E-003 1.32308
4.1379356004806623E-003 1.21371
3.4657239897414511E-003 1.10224
2.9027138051907512E-003 0.991343
2.4311663861100682E-003 0.885012
2.0362211156944167E-003 0.786382
1.7054351878349262E-003 0.694566
1.4283857384254327E-003 0.609287
1.1963431140763420E-003 0.531528
1.0019961767833883E-003 0.461667
8.3922116918614851E-004 0.399344
7.0288897207970323E-004 0.343957
5.8870404105292355E-004 0.295449
4.9306854106343791E-004 0.253109
4.1296914740537242E-004 0.21623
3.4588195367132635E-004 0.18422
2.8969312980575506E-004 0.156473
