333.33333333333314 82.4685
285.71428571428550 67.4368
249.99999999999983 57.5115
199.99999999999989 50.0906
181.81818181818173 44.093
153.84615384615373 38.9806
133.33333333333323 34.5061
111.11111111111103 30.507
95.238095238095312 27.2366
80.000000000000085 24.2035
66.666666666666615 21.5621
57.142857142857160 19.2157
48.780487804878099 17.2064
41.666666666666643 15.4373
35.714285714285687 13.8986
30.303030303030333 12.5844
25.641025641025642 11.4245
21.978021978021950 10.3988
18.691588785046704 9.48932
15.873015873015859 8.67241
13.513513513513526 7.94947
11.494252873563221 7.31354
9.8039215686274428 6.7455
8.3333333333333268 6.23593
7.0921985815602833 5.78039
6.0422960725075567 5.37048
5.1413881748072026 5.00008
4.3763676148796451 4.66146
3.7243947858473021 4.34895
3.1695721077654513 4.06515
2.6990553306342790 3.80414
2.2962112514351305 3.55717
1.9550342130987264 3.32115
1.6638935108153097 3.09806
1.4154281670205258 2.8879
1.2048192771084354 2.68384
1.0256410256410247 2.48606
0.87298123090353641 2.29723
0.74294205052005813 2.11618
0.63251106894370568 1.94105
0.53835800807536971 1.77186
0.45819014891179799 1.61092
0.38993955936829783 1.45969
0.33189512114171887 1.31706
0.28252578047746840 1.18258
0.24044241404183714 1.05724
0.20466639377814155 0.941516
0.17418568193694475 0.835341
0.14825796886582646 0.73826
0.12619092687235772 0.650487
0.10740561731378549 0.571257
9.1416034372428956E-002 0.499948
7.7808901338313197E-002 0.436209
6.6225165562913843E-002 0.379584
5.6368197063216899E-002 0.329586
4.7976587425336503E-002 0.285494
4.0834660459798243E-002 0.246764
3.4756012790212724E-002 0.212902
2.9582297952904950E-002 0.183357
2.5178452280538312E-002 0.157649
2.1430484864720090E-002 0.135397
1.8240186779512609E-002 0.116149
1.5524936929943738E-002 0.0995167
1.3213879859404334E-002 0.0851877
1.1246822772566748E-002 0.07286
9.5725841190829383E-003 0.0622587
8.1476019570540011E-003 0.0531706
6.9347406233638345E-003 0.0453793
5.9024211731652336E-003 0.0387256
5.0237750152597165E-003 0.0330436
4.2759254706190436E-003 0.0281808
3.6394008818268326E-003 0.0240305
3.0976343366570943E-003 0.0204819
2.6365120000843658E-003 0.0174562
2.2440367528339415E-003 0.0148769
1.9099843476782696E-003 0.0126744
1.6256607294827391E-003 0.0107943
1.3836617223821109E-003 0.00919317
1.1776870697025855E-003 0.00782747
1.0023746254877797E-003 0.00666589
8.5315897039069078E-004 0.00567613
7.2615603132491883E-004 0.00483247
6.1805900423895707E-004 0.00411377
5.2605359328797697E-004 0.00350168
