  -22.250000000000000       0.62149876767065104     	  -22.250000000000000       0.62201803917359211     
  -21.750000000000000       0.62129252214720121     	  -21.750000000000000       0.62213147068604224     
  -21.250000000000000       0.62228516057545447     	  -21.250000000000000       0.62219685695066407     
  -20.750000000000000       0.62263163426993140     	  -20.750000000000000       0.62221153575642318     
  -20.250000000000000       0.62264523036476260     	  -20.250000000000000       0.62232600564816776     
  -19.750000000000000       0.62206002657712778     	  -19.750000000000000       0.62237153301069570     
  -19.250000000000000       0.62195623196822847     	  -19.250000000000000       0.62230288081224661     
  -18.750000000000000       0.62235034097942421     	  -18.750000000000000       0.62237987374113679     
  -18.250000000000000       0.62212579849069261     	  -18.250000000000000       0.62236118969188836     
  -17.750000000000000       0.62325290805384959     	  -17.750000000000000       0.62226554585015803     
  -17.250000000000000       0.62425124886708383     	  -17.250000000000000       0.62222010948590267     
  -16.750000000000000       0.62484764415491112     	  -16.750000000000000       0.62217064585395709     
  -16.250000000000000       0.62544786749497139     	  -16.250000000000000       0.62217735360686155     
  -15.750000000000000       0.62534927135753493     	  -15.750000000000000       0.62217012487943790     
  -15.250000000000000       0.62514583807721602     	  -15.250000000000000       0.62223447648618002     
  -14.750000000000000       0.62459029865103866     	  -14.750000000000000       0.62226664779710350     
  -14.250000000000000       0.62362779191308160     	  -14.250000000000000       0.62227318858794844     
  -13.750000000000000       0.62339422340817441     	  -13.750000000000000       0.62233495911513448     
  -13.250000000000000       0.62291288027914649     	  -13.250000000000000       0.62240656961788721     
  -12.750000000000000       0.62275909377846050     	  -12.750000000000000       0.62240372936271227     
  -12.250000000000000       0.62268508952227875     	  -12.250000000000000       0.62236469359147240     
  -11.750000000000000       0.62274279170024349     	  -11.750000000000000       0.62234962546628669     
  -11.250000000000000       0.62240302701349848     	  -11.250000000000000       0.62215303643150033     
  -10.750000000000000       0.62213531976546832     	  -10.750000000000000       0.62199706151964118     
  -10.250000000000000       0.62065242188531344     	  -10.250000000000000       0.62197706864898306     
  -9.7500000000000000       0.61939459889995263     	  -9.7500000000000000       0.62186143396939864     
  -9.2500000000000000       0.61891178382214618     	  -9.2500000000000000       0.62188619454155170     
  -8.7500000000000000       0.61844494995400701     	  -8.7500000000000000       0.62182393211628595     
  -8.2500000000000000       0.61862510909696011     	  -8.2500000000000000       0.62174859264672278     
  -7.7500000000000000       0.61860965209732777     	  -7.7500000000000000       0.62161758686124946     
  -7.2500000000000000       0.61782850748522522     	  -7.2500000000000000       0.62142135746844840     
  -6.7500000000000000       0.61730606981790248     	  -6.7500000000000000       0.62120634358092597     
  -6.2500000000000000       0.61608556462993902     	  -6.2500000000000000       0.62095937472176777     
  -5.7500000000000000       0.61463805560861429     	  -5.7500000000000000       0.62048571042762690     
  -5.2500000000000000       0.61388271793506866     	  -5.2500000000000000       0.61998246328882267     
  -4.7500000000000000       0.61242707418055808     	  -4.7500000000000000       0.61928443708495817     
  -4.2500000000000000       0.61072861369809817     	  -4.2500000000000000       0.61813206298410017     
  -3.7500000000000000       0.60893931463403639     	  -3.7500000000000000       0.61705062481993034     
  -3.2500000000000000       0.60612249255843276     	  -3.2500000000000000       0.61510899643855022     
  -2.7500000000000000       0.60377529617899817     	  -2.7500000000000000       0.61314647904795794     
  -2.2500000000000000       0.60065329901903375     	  -2.2500000000000000       0.61028433253048664     
  -1.7500000000000000       0.59796461310820381     	  -1.7500000000000000       0.60572003882227510     
  -1.2500000000000000       0.59508431471042511     	  -1.2500000000000000       0.60208073562111775     
 -0.75000000000000000       0.58916797317527048     	 -0.75000000000000000       0.59419179653403276     
 -0.25000000000000000       0.58653578959121400     	 -0.25000000000000000       0.58811530935268796     
  0.25000000000000000       0.58960568320958395     	  0.25000000000000000       0.58811994236532639     
  0.75000000000000000       0.59796335741327589     	  0.75000000000000000       0.59420347014287367     
   1.2500000000000000       0.60705530385530115     	   1.2500000000000000       0.60210685436476330     
   1.7500000000000000       0.61210184142168189     	   1.7500000000000000       0.60580741323465925     
   2.2500000000000000       0.61760986822733044     	   2.2500000000000000       0.61036828032751733     
   2.7500000000000000       0.62116286741067095     	   2.7500000000000000       0.61318491348587589     
   3.2500000000000000       0.62335679680738587     	   3.2500000000000000       0.61515679214361374     
   3.7500000000000000       0.62532209332722577     	   3.7500000000000000       0.61711529017798139     
   4.2500000000000000       0.62584440746304615     	   4.2500000000000000       0.61831433489144461     
   4.7500000000000000       0.62647579528980191     	   4.7500000000000000       0.61937888786434114     
   5.2500000000000000       0.62716443245137976     	   5.2500000000000000       0.61990972680946388     
   5.7500000000000000       0.62642144520444965     	   5.7500000000000000       0.62039727965752678     
   6.2500000000000000       0.62645250605051772     	   6.2500000000000000       0.62063486262536838     
   6.7500000000000000       0.62671897787978048     	   6.7500000000000000       0.62080493321955144     
   7.2500000000000000       0.62715508501210626     	   7.2500000000000000       0.62096204602755811     
   7.7500000000000000       0.62709465429967048     	   7.7500000000000000       0.62096473929901352     
   8.2500000000000000       0.62631667837058014     	   8.2500000000000000       0.62104227734013340     
   8.7500000000000000       0.62618101167303231     	   8.7500000000000000       0.62114702190950777     
   9.2500000000000000       0.62585831925682978     	   9.2500000000000000       0.62114158390740670     
   9.7500000000000000       0.62527425156832772     	   9.7500000000000000       0.62116637125955654     
   10.250000000000000       0.62528701544527832     	   10.250000000000000       0.62117298585737102     
   10.750000000000000       0.62536138121845253     	   10.750000000000000       0.62114168412731185     
   11.250000000000000       0.62444843091702273     	   11.250000000000000       0.62118987459030273     
   11.750000000000000       0.62402761156777131     	   11.750000000000000       0.62124099305528768     
   12.250000000000000       0.62386683182382308     	   12.250000000000000       0.62125027258386356     
   12.750000000000000       0.62306377974408556     	   12.750000000000000       0.62135905997554863     
   13.250000000000000       0.62237678763557469     	   13.250000000000000       0.62138528004568472     
   13.750000000000000       0.62208867917624322     	   13.750000000000000       0.62139209639800697     
   14.250000000000000       0.62229913836903517     	   14.250000000000000       0.62135685916738448     
   14.750000000000000       0.62206028068960040     	   14.750000000000000       0.62131435357895204     
   15.250000000000000       0.62188853928070065     	   15.250000000000000       0.62136307569064608     
   15.750000000000000       0.62121388023123125     	   15.750000000000000       0.62128926427181197     
   16.250000000000000       0.62079217593510627     	   16.250000000000000       0.62128288801721299     
   16.750000000000000       0.62048055676442937     	   16.750000000000000       0.62131460414418183     
   17.250000000000000       0.62047960625834642     	   17.250000000000000       0.62131396409964734     
   17.750000000000000       0.62083628310840266     	   17.750000000000000       0.62143039076275397     
   18.250000000000000       0.62088764070889446     	   18.250000000000000       0.62147189878287490     
   18.750000000000000       0.62091894121851865     	   18.750000000000000       0.62152340045586618     
   19.250000000000000       0.62144988123337563     	   19.250000000000000       0.62160605660767876     
   19.750000000000000       0.62152355737422182     	   19.750000000000000       0.62160038169178877     
   20.250000000000000       0.62126063513914886     	   20.250000000000000       0.62167402180861375     
   20.750000000000000       0.62100337418268847     	   20.750000000000000       0.62172022533784199     
   21.250000000000000       0.62174342664363669     	   21.250000000000000       0.62179552053547849     
   21.750000000000000       0.62133252148436224     	   21.750000000000000       0.62183659740228003     
   22.250000000000000       0.62093945825995123     	   22.250000000000000       0.62187756412419382     
