  -22.250000000000000       0.62062506529432482     	  -22.250000000000000       0.62201803917359211     
  -21.750000000000000       0.62062684659986789     	  -21.750000000000000       0.62213147068604224     
  -21.250000000000000       0.62175052274516796     	  -21.250000000000000       0.62219685695066407     
  -20.750000000000000       0.62147145607111887     	  -20.750000000000000       0.62221153575642318     
  -20.250000000000000       0.62151002108000564     	  -20.250000000000000       0.62232600564816776     
  -19.750000000000000       0.62170267890342790     	  -19.750000000000000       0.62237153301069570     
  -19.250000000000000       0.62080765282474604     	  -19.250000000000000       0.62230288081224661     
  -18.750000000000000       0.62128108471942911     	  -18.750000000000000       0.62237987374113679     
  -18.250000000000000       0.62183659659869328     	  -18.250000000000000       0.62236118969188836     
  -17.750000000000000       0.62198116771986300     	  -17.750000000000000       0.62226554585015803     
  -17.250000000000000       0.62279200115181965     	  -17.250000000000000       0.62222010948590267     
  -16.750000000000000       0.62343864470427701     	  -16.750000000000000       0.62217064585395709     
  -16.250000000000000       0.62401536507272737     	  -16.250000000000000       0.62217735360686155     
  -15.750000000000000       0.62437550260768104     	  -15.750000000000000       0.62217012487943790     
  -15.250000000000000       0.62409978859751958     	  -15.250000000000000       0.62223447648618002     
  -14.750000000000000       0.62427099714031709     	  -14.750000000000000       0.62226664779710350     
  -14.250000000000000       0.62375605951483049     	  -14.250000000000000       0.62227318858794844     
  -13.750000000000000       0.62313566839830592     	  -13.750000000000000       0.62233495911513448     
  -13.250000000000000       0.62330952028082398     	  -13.250000000000000       0.62240656961788721     
  -12.750000000000000       0.62322402681010736     	  -12.750000000000000       0.62240372936271227     
  -12.250000000000000       0.62332201754595506     	  -12.250000000000000       0.62236469359147240     
  -11.750000000000000       0.62318181032728481     	  -11.750000000000000       0.62234962546628669     
  -11.250000000000000       0.62390852105209404     	  -11.250000000000000       0.62215303643150033     
  -10.750000000000000       0.62392715625377815     	  -10.750000000000000       0.62199706151964118     
  -10.250000000000000       0.62325656873043334     	  -10.250000000000000       0.62197706864898306     
  -9.7500000000000000       0.62232060459141869     	  -9.7500000000000000       0.62186143396939864     
  -9.2500000000000000       0.62167825605114990     	  -9.2500000000000000       0.62188619454155170     
  -8.7500000000000000       0.62158941104513599     	  -8.7500000000000000       0.62182393211628595     
  -8.2500000000000000       0.62097177617061317     	  -8.2500000000000000       0.62174859264672278     
  -7.7500000000000000       0.61990030388311446     	  -7.7500000000000000       0.62161758686124946     
  -7.2500000000000000       0.61979687425340191     	  -7.2500000000000000       0.62142135746844840     
  -6.7500000000000000       0.61969294337655201     	  -6.7500000000000000       0.62120634358092597     
  -6.2500000000000000       0.61888708062459108     	  -6.2500000000000000       0.62095937472176777     
  -5.7500000000000000       0.61776573065988283     	  -5.7500000000000000       0.62048571042762690     
  -5.2500000000000000       0.61638939226149048     	  -5.2500000000000000       0.61998246328882267     
  -4.7500000000000000       0.61507216347153737     	  -4.7500000000000000       0.61928443708495817     
  -4.2500000000000000       0.61352294902473237     	  -4.2500000000000000       0.61813206298410017     
  -3.7500000000000000       0.61092598033754786     	  -3.7500000000000000       0.61705062481993034     
  -3.2500000000000000       0.60844478308730021     	  -3.2500000000000000       0.61510899643855022     
  -2.7500000000000000       0.60631757461600089     	  -2.7500000000000000       0.61314647904795794     
  -2.2500000000000000       0.60335523774889399     	  -2.2500000000000000       0.61028433253048664     
  -1.7500000000000000       0.59983296278499287     	  -1.7500000000000000       0.60572003882227510     
  -1.2500000000000000       0.59723104727047915     	  -1.2500000000000000       0.60208073562111775     
 -0.75000000000000000       0.59077925192816882     	 -0.75000000000000000       0.59419179653403276     
 -0.25000000000000000       0.58641365225801390     	 -0.25000000000000000       0.58811530935268796     
  0.25000000000000000       0.58806144465794274     	  0.25000000000000000       0.58811994236532639     
  0.75000000000000000       0.59562437111178501     	  0.75000000000000000       0.59420347014287367     
   1.2500000000000000       0.60480195796518343     	   1.2500000000000000       0.60210685436476330     
   1.7500000000000000       0.60895026060676660     	   1.7500000000000000       0.60580741323465925     
   2.2500000000000000       0.61364633498678633     	   2.2500000000000000       0.61036828032751733     
   2.7500000000000000       0.61703681879063521     	   2.7500000000000000       0.61318491348587589     
   3.2500000000000000       0.61921435850194217     	   3.2500000000000000       0.61515679214361374     
   3.7500000000000000       0.62051638234737561     	   3.7500000000000000       0.61711529017798139     
   4.2500000000000000       0.62136802007230696     	   4.2500000000000000       0.61831433489144461     
   4.7500000000000000       0.62268809078311627     	   4.7500000000000000       0.61937888786434114     
   5.2500000000000000       0.62300904511867228     	   5.2500000000000000       0.61990972680946388     
   5.7500000000000000       0.62344108911839513     	   5.7500000000000000       0.62039727965752678     
   6.2500000000000000       0.62399440471527323     	   6.2500000000000000       0.62063486262536838     
   6.7500000000000000       0.62424454536557372     	   6.7500000000000000       0.62080493321955144     
   7.2500000000000000       0.62446403724987543     	   7.2500000000000000       0.62096204602755811     
   7.7500000000000000       0.62487327057978692     	   7.7500000000000000       0.62096473929901352     
   8.2500000000000000       0.62479428978942131     	   8.2500000000000000       0.62104227734013340     
   8.7500000000000000       0.62463440469175080     	   8.7500000000000000       0.62114702190950777     
   9.2500000000000000       0.62486782546719355     	   9.2500000000000000       0.62114158390740670     
   9.7500000000000000       0.62432246454070206     	   9.7500000000000000       0.62116637125955654     
   10.250000000000000       0.62457445650635035     	   10.250000000000000       0.62117298585737102     
   10.750000000000000       0.62503294355819139     	   10.750000000000000       0.62114168412731185     
   11.250000000000000       0.62416125390418664     	   11.250000000000000       0.62118987459030273     
   11.750000000000000       0.62314429750401401     	   11.750000000000000       0.62124099305528768     
   12.250000000000000       0.62181178178835417     	   12.250000000000000       0.62125027258386356     
   12.750000000000000       0.62120484536147136     	   12.750000000000000       0.62135905997554863     
   13.250000000000000       0.62082908149449889     	   13.250000000000000       0.62138528004568472     
   13.750000000000000       0.62051081187281842     	   13.750000000000000       0.62139209639800697     
   14.250000000000000       0.62072826485762655     	   14.250000000000000       0.62135685916738448     
   14.750000000000000       0.62088404656144391     	   14.750000000000000       0.62131435357895204     
   15.250000000000000       0.62121609449512694     	   15.250000000000000       0.62136307569064608     
   15.750000000000000       0.62198612842303980     	   15.750000000000000       0.62128926427181197     
   16.250000000000000       0.62211584988689972     	   16.250000000000000       0.62128288801721299     
   16.750000000000000       0.62255652062910138     	   16.750000000000000       0.62131460414418183     
   17.250000000000000       0.62257453140648111     	   17.250000000000000       0.62131396409964734     
   17.750000000000000       0.62287131686747321     	   17.750000000000000       0.62143039076275397     
   18.250000000000000       0.62362534056317043     	   18.250000000000000       0.62147189878287490     
   18.750000000000000       0.62289037973457717     	   18.750000000000000       0.62152340045586618     
   19.250000000000000       0.62306272690525144     	   19.250000000000000       0.62160605660767876     
   19.750000000000000       0.62278671039621258     	   19.750000000000000       0.62160038169178877     
   20.250000000000000       0.62270266663220308     	   20.250000000000000       0.62167402180861375     
   20.750000000000000       0.62259057829967424     	   20.750000000000000       0.62172022533784199     
   21.250000000000000       0.62185546907173617     	   21.250000000000000       0.62179552053547849     
   21.750000000000000       0.62134295709268816     	   21.750000000000000       0.62183659740228003     
   22.250000000000000       0.62077587727726136     	   22.250000000000000       0.62187756412419382     
