  -22.250000000000000       0.62232221953652178     	  -22.250000000000000       0.62201803917359211     
  -21.750000000000000       0.62254962863856855     	  -21.750000000000000       0.62213147068604224     
  -21.250000000000000       0.62301003880174322     	  -21.250000000000000       0.62219685695066407     
  -20.750000000000000       0.62352690396071864     	  -20.750000000000000       0.62221153575642318     
  -20.250000000000000       0.62418762475896483     	  -20.250000000000000       0.62232600564816776     
  -19.750000000000000       0.62434217581783413     	  -19.750000000000000       0.62237153301069570     
  -19.250000000000000       0.62453501946066048     	  -19.250000000000000       0.62230288081224661     
  -18.750000000000000       0.62468243656730493     	  -18.750000000000000       0.62237987374113679     
  -18.250000000000000       0.62408161795978034     	  -18.250000000000000       0.62236118969188836     
  -17.750000000000000       0.62358194057760830     	  -17.750000000000000       0.62226554585015803     
  -17.250000000000000       0.62352452537126002     	  -17.250000000000000       0.62222010948590267     
  -16.750000000000000       0.62383590763054619     	  -16.750000000000000       0.62217064585395709     
  -16.250000000000000       0.62375558678181720     	  -16.250000000000000       0.62217735360686155     
  -15.750000000000000       0.62371934821341335     	  -15.750000000000000       0.62217012487943790     
  -15.250000000000000       0.62389044473476740     	  -15.250000000000000       0.62223447648618002     
  -14.750000000000000       0.62335382025850383     	  -14.750000000000000       0.62226664779710350     
  -14.250000000000000       0.62312555230518329     	  -14.250000000000000       0.62227318858794844     
  -13.750000000000000       0.62292358583649388     	  -13.750000000000000       0.62233495911513448     
  -13.250000000000000       0.62255530536472026     	  -13.250000000000000       0.62240656961788721     
  -12.750000000000000       0.62244929361666146     	  -12.750000000000000       0.62240372936271227     
  -12.250000000000000       0.62185261580181972     	  -12.250000000000000       0.62236469359147240     
  -11.750000000000000       0.62167643330512912     	  -11.750000000000000       0.62234962546628669     
  -11.250000000000000       0.62144087763177647     	  -11.250000000000000       0.62215303643150033     
  -10.750000000000000       0.62115324255826354     	  -10.750000000000000       0.62199706151964118     
  -10.250000000000000       0.62146272536108060     	  -10.250000000000000       0.62197706864898306     
  -9.7500000000000000       0.62150467235291651     	  -9.7500000000000000       0.62186143396939864     
  -9.2500000000000000       0.62128553190983893     	  -9.2500000000000000       0.62188619454155170     
  -8.7500000000000000       0.62146780145623604     	  -8.7500000000000000       0.62182393211628595     
  -8.2500000000000000       0.62120944959110969     	  -8.2500000000000000       0.62174859264672278     
  -7.7500000000000000       0.62081701111246002     	  -7.7500000000000000       0.62161758686124946     
  -7.2500000000000000       0.62079905101632038     	  -7.2500000000000000       0.62142135746844840     
  -6.7500000000000000       0.62101053475550638     	  -6.7500000000000000       0.62120634358092597     
  -6.2500000000000000       0.62125753372178982     	  -6.2500000000000000       0.62095937472176777     
  -5.7500000000000000       0.62141617642935354     	  -5.7500000000000000       0.62048571042762690     
  -5.2500000000000000       0.62113014626049101     	  -5.2500000000000000       0.61998246328882267     
  -4.7500000000000000       0.62110124374608811     	  -4.7500000000000000       0.61928443708495817     
  -4.2500000000000000       0.62066124136382450     	  -4.2500000000000000       0.61813206298410017     
  -3.7500000000000000       0.62035092738525555     	  -3.7500000000000000       0.61705062481993034     
  -3.2500000000000000       0.61864757773463619     	  -3.2500000000000000       0.61510899643855022     
  -2.7500000000000000       0.61679946703282473     	  -2.7500000000000000       0.61314647904795794     
  -2.2500000000000000       0.61443353985949734     	  -2.2500000000000000       0.61028433253048664     
  -1.7500000000000000       0.60996899061354848     	  -1.7500000000000000       0.60572003882227510     
  -1.2500000000000000       0.60614625102645403     	  -1.2500000000000000       0.60208073562111775     
 -0.75000000000000000       0.59856498606282904     	 -0.75000000000000000       0.59419179653403276     
 -0.25000000000000000       0.59247039865495332     	 -0.25000000000000000       0.58811530935268796     
  0.25000000000000000       0.59242085643788889     	  0.25000000000000000       0.58811994236532639     
  0.75000000000000000       0.59849733997090904     	  0.75000000000000000       0.59420347014287367     
   1.2500000000000000       0.60628673565738589     	   1.2500000000000000       0.60210685436476330     
   1.7500000000000000       0.61022448888156033     	   1.7500000000000000       0.60580741323465925     
   2.2500000000000000       0.61452518223203723     	   2.2500000000000000       0.61036828032751733     
   2.7500000000000000       0.61661827788442469     	   2.7500000000000000       0.61318491348587589     
   3.2500000000000000       0.61807404919697517     	   3.2500000000000000       0.61515679214361374     
   3.7500000000000000       0.61931147734481118     	   3.7500000000000000       0.61711529017798139     
   4.2500000000000000       0.62008973590197036     	   4.2500000000000000       0.61831433489144461     
   4.7500000000000000       0.62099309303389205     	   4.7500000000000000       0.61937888786434114     
   5.2500000000000000       0.62173566179542983     	   5.2500000000000000       0.61990972680946388     
   5.7500000000000000       0.62188749523835074     	   5.7500000000000000       0.62039727965752678     
   6.2500000000000000       0.62144101741891267     	   6.2500000000000000       0.62063486262536838     
   6.7500000000000000       0.62101739082703367     	   6.7500000000000000       0.62080493321955144     
   7.2500000000000000       0.62093598337050637     	   7.2500000000000000       0.62096204602755811     
   7.7500000000000000       0.62066047095255650     	   7.7500000000000000       0.62096473929901352     
   8.2500000000000000       0.62029453314517857     	   8.2500000000000000       0.62104227734013340     
   8.7500000000000000       0.61989833675886696     	   8.7500000000000000       0.62114702190950777     
   9.2500000000000000       0.61971421116340297     	   9.2500000000000000       0.62114158390740670     
   9.7500000000000000       0.61967541088095346     	   9.7500000000000000       0.62116637125955654     
   10.250000000000000       0.61995870117153695     	   10.250000000000000       0.62117298585737102     
   10.750000000000000       0.61953461441399194     	   10.750000000000000       0.62114168412731185     
   11.250000000000000       0.61959831711770696     	   11.250000000000000       0.62118987459030273     
   11.750000000000000       0.62008270194470649     	   11.750000000000000       0.62124099305528768     
   12.250000000000000       0.62023496034006964     	   12.250000000000000       0.62125027258386356     
   12.750000000000000       0.62072508524285652     	   12.750000000000000       0.62135905997554863     
   13.250000000000000       0.62071462135245992     	   13.250000000000000       0.62138528004568472     
   13.750000000000000       0.62060114966288094     	   13.750000000000000       0.62139209639800697     
   14.250000000000000       0.62058410486384419     	   14.250000000000000       0.62135685916738448     
   14.750000000000000       0.62045733481973342     	   14.750000000000000       0.62131435357895204     
   15.250000000000000       0.62028901132733971     	   15.250000000000000       0.62136307569064608     
   15.750000000000000       0.62004066080738673     	   15.750000000000000       0.62128926427181197     
   16.250000000000000       0.62002014415593054     	   16.250000000000000       0.62128288801721299     
   16.750000000000000       0.62028232831188457     	   16.750000000000000       0.62131460414418183     
   17.250000000000000       0.62030015562904040     	   17.250000000000000       0.62131396409964734     
   17.750000000000000       0.62031329805389590     	   17.750000000000000       0.62143039076275397     
   18.250000000000000       0.62059120556884517     	   18.250000000000000       0.62147189878287490     
   18.750000000000000       0.62055472756886154     	   18.750000000000000       0.62152340045586618     
   19.250000000000000       0.62050807135537778     	   19.250000000000000       0.62160605660767876     
   19.750000000000000       0.62086934390442450     	   19.750000000000000       0.62160038169178877     
   20.250000000000000       0.62155042238846225     	   20.250000000000000       0.62167402180861375     
   20.750000000000000       0.62155186734728418     	   20.750000000000000       0.62172022533784199     
   21.250000000000000       0.62165782978685791     	   21.250000000000000       0.62179552053547849     
   21.750000000000000       0.62149962077457055     	   21.750000000000000       0.62183659740228003     
   22.250000000000000       0.62164969826624505     	   22.250000000000000       0.62187756412419382     
