  -22.250000000000000       0.62225286141855507     	  -22.250000000000000       0.62201803917359211     
  -21.750000000000000       0.62212431639051458     	  -21.750000000000000       0.62213147068604224     
  -21.250000000000000       0.62195634164585489     	  -21.250000000000000       0.62219685695066407     
  -20.750000000000000       0.62177774895876214     	  -20.750000000000000       0.62221153575642318     
  -20.250000000000000       0.62151816795877646     	  -20.250000000000000       0.62232600564816776     
  -19.750000000000000       0.62133907369713026     	  -19.750000000000000       0.62237153301069570     
  -19.250000000000000       0.62135815771605951     	  -19.250000000000000       0.62230288081224661     
  -18.750000000000000       0.62145146268650620     	  -18.750000000000000       0.62237987374113679     
  -18.250000000000000       0.62157149232687070     	  -18.250000000000000       0.62236118969188836     
  -17.750000000000000       0.62171378304284819     	  -17.750000000000000       0.62226554585015803     
  -17.250000000000000       0.62183199482776952     	  -17.250000000000000       0.62222010948590267     
  -16.750000000000000       0.62199247639095379     	  -16.750000000000000       0.62217064585395709     
  -16.250000000000000       0.62212614707964908     	  -16.250000000000000       0.62217735360686155     
  -15.750000000000000       0.62214163421950230     	  -15.750000000000000       0.62217012487943790     
  -15.250000000000000       0.62212638402182407     	  -15.250000000000000       0.62223447648618002     
  -14.750000000000000       0.62201431328299239     	  -14.750000000000000       0.62226664779710350     
  -14.250000000000000       0.62192692228374991     	  -14.250000000000000       0.62227318858794844     
  -13.750000000000000       0.62170619269553340     	  -13.750000000000000       0.62233495911513448     
  -13.250000000000000       0.62148732827283226     	  -13.250000000000000       0.62240656961788721     
  -12.750000000000000       0.62140697070257211     	  -12.750000000000000       0.62240372936271227     
  -12.250000000000000       0.62123411809150964     	  -12.250000000000000       0.62236469359147240     
  -11.750000000000000       0.62120965078617363     	  -11.750000000000000       0.62234962546628669     
  -11.250000000000000       0.62130073318619949     	  -11.250000000000000       0.62215303643150033     
  -10.750000000000000       0.62126388429801949     	  -10.750000000000000       0.62199706151964118     
  -10.250000000000000       0.62141610128070512     	  -10.250000000000000       0.62197706864898306     
  -9.7500000000000000       0.62155890098868849     	  -9.7500000000000000       0.62186143396939864     
  -9.2500000000000000       0.62160815808792902     	  -9.2500000000000000       0.62188619454155170     
  -8.7500000000000000       0.62158413724567230     	  -8.7500000000000000       0.62182393211628595     
  -8.2500000000000000       0.62155025895430893     	  -8.2500000000000000       0.62174859264672278     
  -7.7500000000000000       0.62162781333677131     	  -7.7500000000000000       0.62161758686124946     
  -7.2500000000000000       0.62157157559341236     	  -7.2500000000000000       0.62142135746844840     
  -6.7500000000000000       0.62153248652800408     	  -6.7500000000000000       0.62120634358092597     
  -6.2500000000000000       0.62141079384556230     	  -6.2500000000000000       0.62095937472176777     
  -5.7500000000000000       0.62099580088814543     	  -5.7500000000000000       0.62048571042762690     
  -5.2500000000000000       0.62052718363606041     	  -5.2500000000000000       0.61998246328882267     
  -4.7500000000000000       0.61983681830013426     	  -4.7500000000000000       0.61928443708495817     
  -4.2500000000000000       0.61866340234620487     	  -4.2500000000000000       0.61813206298410017     
  -3.7500000000000000       0.61745266513857788     	  -3.7500000000000000       0.61705062481993034     
  -3.2500000000000000       0.61527835355552662     	  -3.2500000000000000       0.61510899643855022     
  -2.7500000000000000       0.61304349116258694     	  -2.7500000000000000       0.61314647904795794     
  -2.2500000000000000       0.60994932534855617     	  -2.2500000000000000       0.61028433253048664     
  -1.7500000000000000       0.60514570959734493     	  -1.7500000000000000       0.60572003882227510     
  -1.2500000000000000       0.60137849483737937     	  -1.2500000000000000       0.60208073562111775     
 -0.75000000000000000       0.59353335809092977     	 -0.75000000000000000       0.59419179653403276     
 -0.25000000000000000       0.58751193111587174     	 -0.25000000000000000       0.58811530935268796     
  0.25000000000000000       0.58762784527164780     	  0.25000000000000000       0.58811994236532639     
  0.75000000000000000       0.59384985594940876     	  0.75000000000000000       0.59420347014287367     
   1.2500000000000000       0.60187521878993655     	   1.2500000000000000       0.60210685436476330     
   1.7500000000000000       0.60562939080377731     	   1.7500000000000000       0.60580741323465925     
   2.2500000000000000       0.61029448818526100     	   2.2500000000000000       0.61036828032751733     
   2.7500000000000000       0.61317141838672118     	   2.7500000000000000       0.61318491348587589     
   3.2500000000000000       0.61510555052768767     	   3.2500000000000000       0.61515679214361374     
   3.7500000000000000       0.61707604011323258     	   3.7500000000000000       0.61711529017798139     
   4.2500000000000000       0.61826468559622882     	   4.2500000000000000       0.61831433489144461     
   4.7500000000000000       0.61936192488583164     	   4.7500000000000000       0.61937888786434114     
   5.2500000000000000       0.62015335716620978     	   5.2500000000000000       0.61990972680946388     
   5.7500000000000000       0.62083872017978403     	   5.7500000000000000       0.62039727965752678     
   6.2500000000000000       0.62129034009867534     	   6.2500000000000000       0.62063486262536838     
   6.7500000000000000       0.62153049893776779     	   6.7500000000000000       0.62080493321955144     
   7.2500000000000000       0.62182778505862846     	   7.2500000000000000       0.62096204602755811     
   7.7500000000000000       0.62194489414767606     	   7.7500000000000000       0.62096473929901352     
   8.2500000000000000       0.62210737101011748     	   8.2500000000000000       0.62104227734013340     
   8.7500000000000000       0.62220588152787937     	   8.7500000000000000       0.62114702190950777     
   9.2500000000000000       0.62214227257122079     	   9.2500000000000000       0.62114158390740670     
   9.7500000000000000       0.62216000490900936     	   9.7500000000000000       0.62116637125955654     
   10.250000000000000       0.62218481616135102     	   10.250000000000000       0.62117298585737102     
   10.750000000000000       0.62239115500102815     	   10.750000000000000       0.62114168412731185     
   11.250000000000000       0.62270810166949753     	   11.250000000000000       0.62118987459030273     
   11.750000000000000       0.62299705909441994     	   11.750000000000000       0.62124099305528768     
   12.250000000000000       0.62326607949533264     	   12.250000000000000       0.62125027258386356     
   12.750000000000000       0.62347542201530048     	   12.750000000000000       0.62135905997554863     
   13.250000000000000       0.62353895200201537     	   13.250000000000000       0.62138528004568472     
   13.750000000000000       0.62363540469832868     	   13.750000000000000       0.62139209639800697     
   14.250000000000000       0.62355573151825572     	   14.250000000000000       0.62135685916738448     
   14.750000000000000       0.62346931816288220     	   14.750000000000000       0.62131435357895204     
   15.250000000000000       0.62343496848610369     	   15.250000000000000       0.62136307569064608     
   15.750000000000000       0.62349291159250531     	   15.750000000000000       0.62128926427181197     
   16.250000000000000       0.62357206748110083     	   16.250000000000000       0.62128288801721299     
   16.750000000000000       0.62357125989824302     	   16.750000000000000       0.62131460414418183     
   17.250000000000000       0.62350768593357986     	   17.250000000000000       0.62131396409964734     
   17.750000000000000       0.62338941328083874     	   17.750000000000000       0.62143039076275397     
   18.250000000000000       0.62332663774443087     	   18.250000000000000       0.62147189878287490     
   18.750000000000000       0.62310067806000702     	   18.750000000000000       0.62152340045586618     
   19.250000000000000       0.62298424816655329     	   19.250000000000000       0.62160605660767876     
   19.750000000000000       0.62292758521032410     	   19.750000000000000       0.62160038169178877     
   20.250000000000000       0.62274460501244000     	   20.250000000000000       0.62167402180861375     
   20.750000000000000       0.62266364869563473     	   20.750000000000000       0.62172022533784199     
   21.250000000000000       0.62263120879115175     	   21.250000000000000       0.62179552053547849     
   21.750000000000000       0.62256039730717505     	   21.750000000000000       0.62183659740228003     
   22.250000000000000       0.62236179875813791     	   22.250000000000000       0.62187756412419382     
