  -22.250000000000000       0.62107527229277515     	  -22.250000000000000       0.62201803917359211     
  -21.750000000000000       0.62105003500109268     	  -21.750000000000000       0.62213147068604224     
  -21.250000000000000       0.62186741343372143     	  -21.250000000000000       0.62219685695066407     
  -20.750000000000000       0.62211329830954465     	  -20.750000000000000       0.62221153575642318     
  -20.250000000000000       0.62204279430969145     	  -20.250000000000000       0.62232600564816776     
  -19.750000000000000       0.62199695233106866     	  -19.750000000000000       0.62237153301069570     
  -19.250000000000000       0.62142596567337549     	  -19.250000000000000       0.62230288081224661     
  -18.750000000000000       0.62184315857711447     	  -18.750000000000000       0.62237987374113679     
  -18.250000000000000       0.62210069537389134     	  -18.250000000000000       0.62236118969188836     
  -17.750000000000000       0.62242645324289969     	  -17.750000000000000       0.62226554585015803     
  -17.250000000000000       0.62281966473024508     	  -17.250000000000000       0.62222010948590267     
  -16.750000000000000       0.62384374649431884     	  -16.750000000000000       0.62217064585395709     
  -16.250000000000000       0.62430837069499756     	  -16.250000000000000       0.62217735360686155     
  -15.750000000000000       0.62489900899702178     	  -15.750000000000000       0.62217012487943790     
  -15.250000000000000       0.62462125030418825     	  -15.250000000000000       0.62223447648618002     
  -14.750000000000000       0.62435152731238308     	  -14.750000000000000       0.62226664779710350     
  -14.250000000000000       0.62386870575413467     	  -14.250000000000000       0.62227318858794844     
  -13.750000000000000       0.62326234244963052     	  -13.750000000000000       0.62233495911513448     
  -13.250000000000000       0.62317578349478719     	  -13.250000000000000       0.62240656961788721     
  -12.750000000000000       0.62287519859678564     	  -12.750000000000000       0.62240372936271227     
  -12.250000000000000       0.62296724545821391     	  -12.250000000000000       0.62236469359147240     
  -11.750000000000000       0.62292837378695187     	  -11.750000000000000       0.62234962546628669     
  -11.250000000000000       0.62301821923934919     	  -11.250000000000000       0.62215303643150033     
  -10.750000000000000       0.62309642396869547     	  -10.750000000000000       0.62199706151964118     
  -10.250000000000000       0.62271299520012524     	  -10.250000000000000       0.62197706864898306     
  -9.7500000000000000       0.62184935774875005     	  -9.7500000000000000       0.62186143396939864     
  -9.2500000000000000       0.62122275159656404     	  -9.2500000000000000       0.62188619454155170     
  -8.7500000000000000       0.62123601087399605     	  -8.7500000000000000       0.62182393211628595     
  -8.2500000000000000       0.62098145365656376     	  -8.2500000000000000       0.62174859264672278     
  -7.7500000000000000       0.62080113108816593     	  -7.7500000000000000       0.62161758686124946     
  -7.2500000000000000       0.62031602776424144     	  -7.2500000000000000       0.62142135746844840     
  -6.7500000000000000       0.62050219833789011     	  -6.7500000000000000       0.62120634358092597     
  -6.2500000000000000       0.61994665125854720     	  -6.2500000000000000       0.62095937472176777     
  -5.7500000000000000       0.61884877380148817     	  -5.7500000000000000       0.62048571042762690     
  -5.2500000000000000       0.61774083557053805     	  -5.2500000000000000       0.61998246328882267     
  -4.7500000000000000       0.61656019480334134     	  -4.7500000000000000       0.61928443708495817     
  -4.2500000000000000       0.61551492458428703     	  -4.2500000000000000       0.61813206298410017     
  -3.7500000000000000       0.61332536986675767     	  -3.7500000000000000       0.61705062481993034     
  -3.2500000000000000       0.61101054114763731     	  -3.2500000000000000       0.61510899643855022     
  -2.7500000000000000       0.60894057948901914     	  -2.7500000000000000       0.61314647904795794     
  -2.2500000000000000       0.60627648442099469     	  -2.2500000000000000       0.61028433253048664     
  -1.7500000000000000       0.60233717118934482     	  -1.7500000000000000       0.60572003882227510     
  -1.2500000000000000       0.59910979869037906     	  -1.2500000000000000       0.60208073562111775     
 -0.75000000000000000       0.59270116485089119     	 -0.75000000000000000       0.59419179653403276     
 -0.25000000000000000       0.58813426872618935     	 -0.25000000000000000       0.58811530935268796     
  0.25000000000000000       0.58938439880088611     	  0.25000000000000000       0.58811994236532639     
  0.75000000000000000       0.59650730372259764     	  0.75000000000000000       0.59420347014287367     
   1.2500000000000000       0.60532712795705557     	   1.2500000000000000       0.60210685436476330     
   1.7500000000000000       0.60912754601159436     	   1.7500000000000000       0.60580741323465925     
   2.2500000000000000       0.61353585228852359     	   2.2500000000000000       0.61036828032751733     
   2.7500000000000000       0.61640303409743680     	   2.7500000000000000       0.61318491348587589     
   3.2500000000000000       0.61856899443395175     	   3.2500000000000000       0.61515679214361374     
   3.7500000000000000       0.61971796260957335     	   3.7500000000000000       0.61711529017798139     
   4.2500000000000000       0.62075507921054185     	   4.2500000000000000       0.61831433489144461     
   4.7500000000000000       0.62171969340166244     	   4.7500000000000000       0.61937888786434114     
   5.2500000000000000       0.62198784483280256     	   5.2500000000000000       0.61990972680946388     
   5.7500000000000000       0.62212142544122306     	   5.7500000000000000       0.62039727965752678     
   6.2500000000000000       0.62253196527721888     	   6.2500000000000000       0.62063486262536838     
   6.7500000000000000       0.62235452634919086     	   6.7500000000000000       0.62080493321955144     
   7.2500000000000000       0.62240165752720211     	   7.2500000000000000       0.62096204602755811     
   7.7500000000000000       0.62262537204598678     	   7.7500000000000000       0.62096473929901352     
   8.2500000000000000       0.62277207099688259     	   8.2500000000000000       0.62104227734013340     
   8.7500000000000000       0.62276682494956259     	   8.7500000000000000       0.62114702190950777     
   9.2500000000000000       0.62266518776160251     	   9.2500000000000000       0.62114158390740670     
   9.7500000000000000       0.62239513560824244     	   9.7500000000000000       0.62116637125955654     
   10.250000000000000       0.62273078807745275     	   10.250000000000000       0.62117298585737102     
   10.750000000000000       0.62297252748767773     	   10.750000000000000       0.62114168412731185     
   11.250000000000000       0.62284742702535578     	   11.250000000000000       0.62118987459030273     
   11.750000000000000       0.62241808004386434     	   11.750000000000000       0.62124099305528768     
   12.250000000000000       0.62137434630561328     	   12.250000000000000       0.62125027258386356     
   12.750000000000000       0.62113840084932004     	   12.750000000000000       0.62135905997554863     
   13.250000000000000       0.62092274936210423     	   13.250000000000000       0.62138528004568472     
   13.750000000000000       0.62103341222338837     	   13.750000000000000       0.62139209639800697     
   14.250000000000000       0.62121101759345598     	   14.250000000000000       0.62135685916738448     
   14.750000000000000       0.62112101619006532     	   14.750000000000000       0.62131435357895204     
   15.250000000000000       0.62110098303402339     	   15.250000000000000       0.62136307569064608     
   15.750000000000000       0.62158943262070820     	   15.750000000000000       0.62128926427181197     
   16.250000000000000       0.62128927889348218     	   16.250000000000000       0.62128288801721299     
   16.750000000000000       0.62133704238435516     	   16.750000000000000       0.62131460414418183     
   17.250000000000000       0.62165603817423820     	   17.250000000000000       0.62131396409964734     
   17.750000000000000       0.62205244864171805     	   17.750000000000000       0.62143039076275397     
   18.250000000000000       0.62252307322278255     	   18.250000000000000       0.62147189878287490     
   18.750000000000000       0.62223908860488109     	   18.750000000000000       0.62152340045586618     
   19.250000000000000       0.62278137692408764     	   19.250000000000000       0.62160605660767876     
   19.750000000000000       0.62289060168625709     	   19.750000000000000       0.62160038169178877     
   20.250000000000000       0.62260966269390583     	   20.250000000000000       0.62167402180861375     
   20.750000000000000       0.62257754566049195     	   20.750000000000000       0.62172022533784199     
   21.250000000000000       0.62220634184861823     	   21.250000000000000       0.62179552053547849     
   21.750000000000000       0.62169399345882848     	   21.750000000000000       0.62183659740228003     
   22.250000000000000       0.62116168232930613     	   22.250000000000000       0.62187756412419382     
