  -22.250000000000000       0.62072282661132738     	  -22.250000000000000       0.62201803917359211     
  -21.750000000000000       0.62114897969630889     	  -21.750000000000000       0.62213147068604224     
  -21.250000000000000       0.62109932750180197     	  -21.250000000000000       0.62219685695066407     
  -20.750000000000000       0.62168922739717958     	  -20.750000000000000       0.62221153575642318     
  -20.250000000000000       0.62168795650314834     	  -20.250000000000000       0.62232600564816776     
  -19.750000000000000       0.62177839956713066     	  -19.750000000000000       0.62237153301069570     
  -19.250000000000000       0.62252051970134492     	  -19.250000000000000       0.62230288081224661     
  -18.750000000000000       0.62271548320361469     	  -18.750000000000000       0.62237987374113679     
  -18.250000000000000       0.62299314044358034     	  -18.250000000000000       0.62236118969188836     
  -17.750000000000000       0.62292627933307154     	  -17.750000000000000       0.62226554585015803     
  -17.250000000000000       0.62292056305223131     	  -17.250000000000000       0.62222010948590267     
  -16.750000000000000       0.62289709356195211     	  -16.750000000000000       0.62217064585395709     
  -16.250000000000000       0.62283775811257935     	  -16.250000000000000       0.62217735360686155     
  -15.750000000000000       0.62257707658951700     	  -15.750000000000000       0.62217012487943790     
  -15.250000000000000       0.62254967971588582     	  -15.250000000000000       0.62223447648618002     
  -14.750000000000000       0.62219870675910360     	  -14.750000000000000       0.62226664779710350     
  -14.250000000000000       0.62213389461630630     	  -14.250000000000000       0.62227318858794844     
  -13.750000000000000       0.62269904977576085     	  -13.750000000000000       0.62233495911513448     
  -13.250000000000000       0.62274039706807816     	  -13.250000000000000       0.62240656961788721     
  -12.750000000000000       0.62326646713991518     	  -12.750000000000000       0.62240372936271227     
  -12.250000000000000       0.62378462139140645     	  -12.250000000000000       0.62236469359147240     
  -11.750000000000000       0.62370794735292245     	  -11.750000000000000       0.62234962546628669     
  -11.250000000000000       0.62407962318267363     	  -11.250000000000000       0.62215303643150033     
  -10.750000000000000       0.62396480856940906     	  -10.750000000000000       0.62199706151964118     
  -10.250000000000000       0.62348374640478721     	  -10.250000000000000       0.62197706864898306     
  -9.7500000000000000       0.62285111003920635     	  -9.7500000000000000       0.62186143396939864     
  -9.2500000000000000       0.62217258083676918     	  -9.2500000000000000       0.62188619454155170     
  -8.7500000000000000       0.62172397667439550     	  -8.7500000000000000       0.62182393211628595     
  -8.2500000000000000       0.62140527543106150     	  -8.2500000000000000       0.62174859264672278     
  -7.7500000000000000       0.62167907765215924     	  -7.7500000000000000       0.62161758686124946     
  -7.2500000000000000       0.62227000856962233     	  -7.2500000000000000       0.62142135746844840     
  -6.7500000000000000       0.62254427389161782     	  -6.7500000000000000       0.62120634358092597     
  -6.2500000000000000       0.62270009973411866     	  -6.2500000000000000       0.62095937472176777     
  -5.7500000000000000       0.62250445626795659     	  -5.7500000000000000       0.62048571042762690     
  -5.2500000000000000       0.62213781979104421     	  -5.2500000000000000       0.61998246328882267     
  -4.7500000000000000       0.62178765604610531     	  -4.7500000000000000       0.61928443708495817     
  -4.2500000000000000       0.62008571164711046     	  -4.2500000000000000       0.61813206298410017     
  -3.7500000000000000       0.61901823872595696     	  -3.7500000000000000       0.61705062481993034     
  -3.2500000000000000       0.61661153482723174     	  -3.2500000000000000       0.61510899643855022     
  -2.7500000000000000       0.61393971191711427     	  -2.7500000000000000       0.61314647904795794     
  -2.2500000000000000       0.61127604184216999     	  -2.2500000000000000       0.61028433253048664     
  -1.7500000000000000       0.60693160713351846     	  -1.7500000000000000       0.60572003882227510     
  -1.2500000000000000       0.60443367800665437     	  -1.2500000000000000       0.60208073562111775     
 -0.75000000000000000       0.59688673509083012     	 -0.75000000000000000       0.59419179653403276     
 -0.25000000000000000       0.59121404059409510     	 -0.25000000000000000       0.58811530935268796     
  0.25000000000000000       0.59168467468802299     	  0.25000000000000000       0.58811994236532639     
  0.75000000000000000       0.59795956864575195     	  0.75000000000000000       0.59420347014287367     
   1.2500000000000000       0.60569047791453201     	   1.2500000000000000       0.60210685436476330     
   1.7500000000000000       0.60908827264247589     	   1.7500000000000000       0.60580741323465925     
   2.2500000000000000       0.61411863993824989     	   2.2500000000000000       0.61036828032751733     
   2.7500000000000000       0.61666674286547762     	   2.7500000000000000       0.61318491348587589     
   3.2500000000000000       0.61862902547772591     	   3.2500000000000000       0.61515679214361374     
   3.7500000000000000       0.62010341957995097     	   3.7500000000000000       0.61711529017798139     
   4.2500000000000000       0.62014179004421299     	   4.2500000000000000       0.61831433489144461     
   4.7500000000000000       0.62113093421644705     	   4.7500000000000000       0.61937888786434114     
   5.2500000000000000       0.62166470819108111     	   5.2500000000000000       0.61990972680946388     
   5.7500000000000000       0.62168042122641309     	   5.7500000000000000       0.62039727965752678     
   6.2500000000000000       0.62144065191601394     	   6.2500000000000000       0.62063486262536838     
   6.7500000000000000       0.62172026768263289     	   6.7500000000000000       0.62080493321955144     
   7.2500000000000000       0.62187176748305040     	   7.2500000000000000       0.62096204602755811     
   7.7500000000000000       0.62131465823858223     	   7.7500000000000000       0.62096473929901352     
   8.2500000000000000       0.62064651354344613     	   8.2500000000000000       0.62104227734013340     
   8.7500000000000000       0.62041357253075968     	   8.7500000000000000       0.62114702190950777     
   9.2500000000000000       0.62079631108743061     	   9.2500000000000000       0.62114158390740670     
   9.7500000000000000       0.62049106425789324     	   9.7500000000000000       0.62116637125955654     
   10.250000000000000       0.62046746376922901     	   10.250000000000000       0.62117298585737102     
   10.750000000000000       0.62060556911586306     	   10.750000000000000       0.62114168412731185     
   11.250000000000000       0.62052066817101115     	   11.250000000000000       0.62118987459030273     
   11.750000000000000       0.62017935641130506     	   11.750000000000000       0.62124099305528768     
   12.250000000000000       0.62019125649554840     	   12.250000000000000       0.62125027258386356     
   12.750000000000000       0.62034394538751225     	   12.750000000000000       0.62135905997554863     
   13.250000000000000       0.62051128043168780     	   13.250000000000000       0.62138528004568472     
   13.750000000000000       0.62030614702190867     	   13.750000000000000       0.62139209639800697     
   14.250000000000000       0.62022650512299671     	   14.250000000000000       0.62135685916738448     
   14.750000000000000       0.61992899997013418     	   14.750000000000000       0.62131435357895204     
   15.250000000000000       0.62013767428015398     	   15.250000000000000       0.62136307569064608     
   15.750000000000000       0.62025416775419406     	   15.750000000000000       0.62128926427181197     
   16.250000000000000       0.61999655245202578     	   16.250000000000000       0.62128288801721299     
   16.750000000000000       0.62044635023251293     	   16.750000000000000       0.62131460414418183     
   17.250000000000000       0.62086171131253420     	   17.250000000000000       0.62131396409964734     
   17.750000000000000       0.62145213649198772     	   17.750000000000000       0.62143039076275397     
   18.250000000000000       0.62197069191787568     	   18.250000000000000       0.62147189878287490     
   18.750000000000000       0.62203152493389602     	   18.750000000000000       0.62152340045586618     
   19.250000000000000       0.62253896040611623     	   19.250000000000000       0.62160605660767876     
   19.750000000000000       0.62230803015314962     	   19.750000000000000       0.62160038169178877     
   20.250000000000000       0.62201173759864459     	   20.250000000000000       0.62167402180861375     
   20.750000000000000       0.62204575739895385     	   20.750000000000000       0.62172022533784199     
   21.250000000000000       0.62149746702796704     	   21.250000000000000       0.62179552053547849     
   21.750000000000000       0.62123490037326856     	   21.750000000000000       0.62183659740228003     
   22.250000000000000       0.62071099539208752     	   22.250000000000000       0.62187756412419382     
