  -22.250000000000000       0.62202809774758583     	  -22.250000000000000       0.62201803917359211     
  -21.750000000000000       0.62222019356225455     	  -21.750000000000000       0.62213147068604224     
  -21.250000000000000       0.62230576633023538     	  -21.250000000000000       0.62219685695066407     
  -20.750000000000000       0.62248338886468757     	  -20.750000000000000       0.62221153575642318     
  -20.250000000000000       0.62260865204520388     	  -20.250000000000000       0.62232600564816776     
  -19.750000000000000       0.62281155376842035     	  -19.750000000000000       0.62237153301069570     
  -19.250000000000000       0.62286340950155894     	  -19.250000000000000       0.62230288081224661     
  -18.750000000000000       0.62293440035705305     	  -18.750000000000000       0.62237987374113679     
  -18.250000000000000       0.62300540339674992     	  -18.250000000000000       0.62236118969188836     
  -17.750000000000000       0.62287781467240488     	  -17.750000000000000       0.62226554585015803     
  -17.250000000000000       0.62284325967412957     	  -17.250000000000000       0.62222010948590267     
  -16.750000000000000       0.62278188128498424     	  -16.750000000000000       0.62217064585395709     
  -16.250000000000000       0.62280498263973649     	  -16.250000000000000       0.62217735360686155     
  -15.750000000000000       0.62275881861370797     	  -15.750000000000000       0.62217012487943790     
  -15.250000000000000       0.62283965787913564     	  -15.250000000000000       0.62223447648618002     
  -14.750000000000000       0.62283194089954719     	  -14.750000000000000       0.62226664779710350     
  -14.250000000000000       0.62260541293988625     	  -14.250000000000000       0.62227318858794844     
  -13.750000000000000       0.62254488331741331     	  -13.750000000000000       0.62233495911513448     
  -13.250000000000000       0.62251307324375971     	  -13.250000000000000       0.62240656961788721     
  -12.750000000000000       0.62252863746767595     	  -12.750000000000000       0.62240372936271227     
  -12.250000000000000       0.62250856365412155     	  -12.250000000000000       0.62236469359147240     
  -11.750000000000000       0.62245016056604874     	  -11.750000000000000       0.62234962546628669     
  -11.250000000000000       0.62218986990034475     	  -11.250000000000000       0.62215303643150033     
  -10.750000000000000       0.62188107102089862     	  -10.750000000000000       0.62199706151964118     
  -10.250000000000000       0.62184957880137992     	  -10.250000000000000       0.62197706864898306     
  -9.7500000000000000       0.62171850104190518     	  -9.7500000000000000       0.62186143396939864     
  -9.2500000000000000       0.62163958772364536     	  -9.2500000000000000       0.62188619454155170     
  -8.7500000000000000       0.62155834029334212     	  -8.7500000000000000       0.62182393211628595     
  -8.2500000000000000       0.62144271287515973     	  -8.2500000000000000       0.62174859264672278     
  -7.7500000000000000       0.62134416406650794     	  -7.7500000000000000       0.62161758686124946     
  -7.2500000000000000       0.62124171918471982     	  -7.2500000000000000       0.62142135746844840     
  -6.7500000000000000       0.62091118373749243     	  -6.7500000000000000       0.62120634358092597     
  -6.2500000000000000       0.62058515114362378     	  -6.2500000000000000       0.62095937472176777     
  -5.7500000000000000       0.62009078982949506     	  -5.7500000000000000       0.62048571042762690     
  -5.2500000000000000       0.61935315837666638     	  -5.2500000000000000       0.61998246328882267     
  -4.7500000000000000       0.61845027435195610     	  -4.7500000000000000       0.61928443708495817     
  -4.2500000000000000       0.61708693410717541     	  -4.2500000000000000       0.61813206298410017     
  -3.7500000000000000       0.61596668334937221     	  -3.7500000000000000       0.61705062481993034     
  -3.2500000000000000       0.61397363017080431     	  -3.2500000000000000       0.61510899643855022     
  -2.7500000000000000       0.61195157459176142     	  -2.7500000000000000       0.61314647904795794     
  -2.2500000000000000       0.60909103174576540     	  -2.2500000000000000       0.61028433253048664     
  -1.7500000000000000       0.60455623646046985     	  -1.7500000000000000       0.60572003882227510     
  -1.2500000000000000       0.60100691142848117     	  -1.2500000000000000       0.60208073562111775     
 -0.75000000000000000       0.59308290714990519     	 -0.75000000000000000       0.59419179653403276     
 -0.25000000000000000       0.58705158251490686     	 -0.25000000000000000       0.58811530935268796     
  0.25000000000000000       0.58711136931489749     	  0.25000000000000000       0.58811994236532639     
  0.75000000000000000       0.59325263311165966     	  0.75000000000000000       0.59420347014287367     
   1.2500000000000000       0.60123746568891023     	   1.2500000000000000       0.60210685436476330     
   1.7500000000000000       0.60500766289710284     	   1.7500000000000000       0.60580741323465925     
   2.2500000000000000       0.60963254604885975     	   2.2500000000000000       0.61036828032751733     
   2.7500000000000000       0.61251070123597551     	   2.7500000000000000       0.61318491348587589     
   3.2500000000000000       0.61450402348283450     	   3.2500000000000000       0.61515679214361374     
   3.7500000000000000       0.61646693116887286     	   3.7500000000000000       0.61711529017798139     
   4.2500000000000000       0.61770084653957524     	   4.2500000000000000       0.61831433489144461     
   4.7500000000000000       0.61881391200246261     	   4.7500000000000000       0.61937888786434114     
   5.2500000000000000       0.61935935155384503     	   5.2500000000000000       0.61990972680946388     
   5.7500000000000000       0.61986809691032907     	   5.7500000000000000       0.62039727965752678     
   6.2500000000000000       0.62002094046068323     	   6.2500000000000000       0.62063486262536838     
   6.7500000000000000       0.62006086571411234     	   6.7500000000000000       0.62080493321955144     
   7.2500000000000000       0.62018036913049024     	   7.2500000000000000       0.62096204602755811     
   7.7500000000000000       0.62040411604557288     	   7.7500000000000000       0.62096473929901352     
   8.2500000000000000       0.62067602886458084     	   8.2500000000000000       0.62104227734013340     
   8.7500000000000000       0.62096433104913662     	   8.7500000000000000       0.62114702190950777     
   9.2500000000000000       0.62128899606750188     	   9.2500000000000000       0.62114158390740670     
   9.7500000000000000       0.62143406006064572     	   9.7500000000000000       0.62116637125955654     
   10.250000000000000       0.62148159218358867     	   10.250000000000000       0.62117298585737102     
   10.750000000000000       0.62160389169651731     	   10.750000000000000       0.62114168412731185     
   11.250000000000000       0.62172967183566186     	   11.250000000000000       0.62118987459030273     
   11.750000000000000       0.62171257352072884     	   11.750000000000000       0.62124099305528768     
   12.250000000000000       0.62173186801672942     	   12.250000000000000       0.62125027258386356     
   12.750000000000000       0.62181927369840362     	   12.750000000000000       0.62135905997554863     
   13.250000000000000       0.62188905097379477     	   13.250000000000000       0.62138528004568472     
   13.750000000000000       0.62201142096967776     	   13.750000000000000       0.62139209639800697     
   14.250000000000000       0.62186633836777205     	   14.250000000000000       0.62135685916738448     
   14.750000000000000       0.62164060241073837     	   14.750000000000000       0.62131435357895204     
   15.250000000000000       0.62161619866616424     	   15.250000000000000       0.62136307569064608     
   15.750000000000000       0.62135770334182849     	   15.750000000000000       0.62128926427181197     
   16.250000000000000       0.62122502427198756     	   16.250000000000000       0.62128288801721299     
   16.750000000000000       0.62130943723677112     	   16.750000000000000       0.62131460414418183     
   17.250000000000000       0.62125980068883568     	   17.250000000000000       0.62131396409964734     
   17.750000000000000       0.62135814585315663     	   17.750000000000000       0.62143039076275397     
   18.250000000000000       0.62137935820298174     	   18.250000000000000       0.62147189878287490     
   18.750000000000000       0.62136833248704304     	   18.750000000000000       0.62152340045586618     
   19.250000000000000       0.62155344101530918     	   19.250000000000000       0.62160605660767876     
   19.750000000000000       0.62157665371614090     	   19.750000000000000       0.62160038169178877     
   20.250000000000000       0.62162544091969785     	   20.250000000000000       0.62167402180861375     
   20.750000000000000       0.62154094132617155     	   20.750000000000000       0.62172022533784199     
   21.250000000000000       0.62164943545038398     	   21.250000000000000       0.62179552053547849     
   21.750000000000000       0.62175270456183584     	   21.750000000000000       0.62183659740228003     
   22.250000000000000       0.62179268468612714     	   22.250000000000000       0.62187756412419382     
