   0.0000000000000000        3.7558756097130117E-031   1.6018707123181766E-032
   2.0000000000000012E-004   3.7782071306569943E-004   1.5028285509464365E-007
   4.0000000000000024E-004   7.2317742098686395E-004   2.5713405613540258E-007
   6.0000000000000049E-004   1.0413575674788024E-003   3.7231367916552367E-007
   8.0000000000000047E-004   1.3359384441251373E-003   5.7153616103037666E-007
   1.0000000000000007E-003   1.6111223034742104E-003   6.1961091739996183E-007
   1.2000000000000010E-003   1.8677604710602663E-003   6.0418914061482973E-007
   1.3999999999999989E-003   2.1096228313021168E-003   6.9891500794091036E-007
   1.6000000000000009E-003   2.3376466796543407E-003   7.4664494135565860E-007
   2.0000000000000013E-003   2.7601418142552112E-003   1.1245329568002135E-006
   2.4000000000000020E-003   3.1441316162373525E-003   1.3456439012326355E-006
   2.7999999999999978E-003   3.4955467614307071E-003   1.4453477025779818E-006
   3.4000000000000063E-003   3.9746506263257176E-003   1.6306608421529805E-006
   4.0000000000000027E-003   4.4041761211812674E-003   1.9403009617531545E-006
   4.8000000000000039E-003   4.9210460812724559E-003   2.1750026746496989E-006
   5.8000000000000091E-003   5.4969967440445175E-003   2.6470089469434713E-006
   7.0000000000000053E-003   6.1059735711416468E-003   2.8903908749645296E-006
   8.1999999999999955E-003   6.6532173028100534E-003   3.0262893081425246E-006
   9.7999999999999962E-003   7.3003352671067402E-003   3.6560515950234157E-006
   1.1800000000000005E-002   8.0119338650996141E-003   3.7474109553920398E-006
   1.4000000000000011E-002   8.7016926781232195E-003   4.5975838788439997E-006
   1.6800000000000009E-002   9.4675757577752893E-003   5.2028250800886995E-006
   2.0000000000000011E-002   1.0240095552184317E-002   6.1835980317219776E-006
   2.4000000000000014E-002   1.1082113801311154E-002   7.3141547367274805E-006
   2.8599999999999973E-002   1.1938025526213057E-002   7.7048169699233095E-006
   3.4199999999999987E-002   1.2836845808724458E-002   7.8364497453535376E-006
   4.0799999999999961E-002   1.3759814642524343E-002   9.1855915562851249E-006
   4.8799999999999968E-002   1.4745357595896064E-002   1.0492847573411431E-005
   5.8199999999999925E-002   1.5737663113714336E-002   1.0500706391266091E-005
   6.9399999999999934E-002   1.6775495820014995E-002   1.3480812596038326E-005
   8.3000000000000101E-002   1.7873565961927303E-002   1.6036342999474991E-005
   9.9000000000000130E-002   1.8983346926872539E-002   1.7010288342745786E-005
  0.11819999999999990        2.0137306706807360E-002   1.8518810599338833E-005
  0.14120000000000013        2.1342283743351988E-002   2.0594787084684449E-005
  0.16859999999999981        2.2550218249452681E-002   2.3788337289407667E-005
  0.20120000000000002        2.3803038442556636E-002   2.8007703328459693E-005
  0.24019999999999983        2.5099560337723988E-002   3.2035151318703845E-005
  0.28679999999999983        2.6446338841822282E-002   3.8991144389280148E-005
  0.34240000000000015        2.7780201793236523E-002   4.2435538574263382E-005
  0.40879999999999961        2.9146959423210630E-002   4.5760781904112497E-005
  0.48819999999999975        3.0598332027116083E-002   5.4269792328481320E-005
  0.58279999999999954        3.2006959048034828E-002   5.9021611443294518E-005
  0.69599999999999984        3.3501639925539693E-002   6.3888355426930802E-005
  0.83080000000000143        3.4994523106927009E-002   6.6230508200151742E-005
  0.99199999999999899        3.6521031119678832E-002   7.4761689536415269E-005
   1.1843999999999981        3.8125143967553149E-002   8.2620790581352233E-005
   1.4141999999999988        3.9800970194800764E-002   9.0995225816065396E-005
   1.6885999999999979        4.1388469259403031E-002   9.8827662936559212E-005
   2.0160000000000018        4.3086534382833885E-002   1.1063193071031918E-004
   2.4069999999999996        4.4829204415935527E-002   1.1893199007508401E-004
   2.8739999999999974        4.6817535164336989E-002   1.0942443284503660E-004
   3.4313999999999973        4.8652221681494905E-002   1.4161020960067863E-004
   4.0968000000000009        5.0619296849430340E-002   1.7139084780737229E-004
   4.8916000000000004        5.2706289799159423E-002   1.8536323356304715E-004
   5.8401999999999967        5.4893929733343942E-002   2.0154985076093867E-004
   6.9730000000000087        5.7167271640896279E-002   1.9597753998783484E-004
   8.3256000000000050        5.9669406912725168E-002   2.4713963373556512E-004
   9.9403999999999968        6.2102473676651712E-002   2.6264381828703846E-004
   11.868399999999989        6.5098006163220742E-002   2.8459880564217548E-004
   14.170399999999981        6.8393664799807311E-002   3.0753241829413643E-004
   16.918800000000005        7.1746927797270890E-002   3.5422620608784326E-004
   20.200399999999970        7.5228606994638458E-002   4.1590959442712303E-004
   24.118400000000008        7.9418847557994748E-002   4.8464825124329718E-004
   28.796599999999959        8.4251509493974711E-002   5.1156313158381051E-004
   34.381800000000055        8.9778833320166618E-002   5.8301469389737909E-004
   41.050600000000024        9.6015342232034867E-002   6.4676660801164809E-004
   49.012799999999977       0.10247552720339766        7.2303862100937962E-004
   58.519200000000069       0.11040077715921093        8.1928193936315979E-004
   69.869600000000005       0.11946560612814716        9.3428752129385499E-004
   83.421599999999955       0.13036633130725109        1.0527738132759346E-003
   99.601999999999919       0.14248889425665626        1.1867924658034807E-003
   118.92079999999993       0.15603659267741751        1.3912452080381615E-003
   141.98660000000012       0.17274946688396040        1.6061340560688201E-003
   169.52620000000019       0.19200913630191788        1.8092202292052276E-003
   202.40740000000002       0.21494771151155029        2.1690285016638146E-003
   241.66640000000004       0.24039879232793496        2.4167021762839824E-003
   288.54000000000048       0.27116494951195325        2.9215425114287371E-003
   344.50519999999972       0.30723756316923051        3.3748634642156621E-003
   411.32519999999960       0.34997504503223958        4.0168894713617041E-003
   491.10580000000044       0.39968886749782123        4.7584468895484119E-003
   586.36059999999998       0.45860936077452552        5.5909688441190585E-003
   700.09100000000024       0.52949592682784574        6.8199526954643179E-003
   835.88059999999894       0.61139334781111232        8.1007141285327228E-003
   998.00779999999952       0.70784160256129280        9.5544399746435912E-003
   1191.5809999999999       0.82291318997245688        1.1558788356130121E-002
   1422.6998000000010       0.95950319745117052        1.4013241247609000E-002
   1698.6463999999987        1.1186141121665012        1.6934343769668112E-002
   2028.1156000000019        1.3109300003937150        2.0715137515380382E-002
   2421.4884000000015        1.5375786019010385        2.5325681183953546E-002
   2891.1597999999967        1.8031738646759812        3.0940319173956874E-002
   3451.9286000000056        2.1204224748397058        3.7999341901656707E-002
   4121.4637999999986        2.4985473759371177        4.6024914863485360E-002
   4920.8621999999978        2.9508804676915155        5.6639206822180314E-002
   5875.3116000000000        3.4800382579818487        6.8736257787685939E-002
   7014.8857999999937        4.1237334766911955        8.2901670136975483E-002
   8375.4914000000008        4.9262205504537295        9.5306303102996925E-002
   10000.000000000000        5.9344719071653875       0.10649691546279279     
