   0.0000000000000000        1.8801816150516449E-030   9.5920401439350557E-032
   5.0000000000000034E-004   9.9714868136220169E-004   7.3242486154774597E-007
   1.0000000000000007E-003   1.9900969056240968E-003   1.3977222246590267E-006
   1.5000000000000009E-003   2.9806115938818068E-003   2.4820138089867733E-006
   2.0000000000000013E-003   3.9661993809423941E-003   3.2647976611639720E-006
   2.5000000000000014E-003   4.9481724310712922E-003   3.8917682057764449E-006
   3.0000000000000018E-003   5.9342784234129829E-003   4.6539186146038917E-006
   3.5000000000000027E-003   6.9061514373856504E-003   5.6003332225789818E-006
   4.0000000000000027E-003   7.8742747985713762E-003   5.9965733257803901E-006
   5.0000000000000027E-003   9.8107298378962791E-003   7.3218396116553644E-006
   5.5000000000000032E-003   1.0778069887864337E-002   8.0251018469402207E-006
   6.5000000000000049E-003   1.2704618229427072E-002   1.0020937673389681E-005
   7.5000000000000058E-003   1.4601898397612983E-002   1.1054522734058633E-005
   9.0000000000000063E-003   1.7447916133910453E-002   1.2061188127020406E-005
   1.0499999999999992E-002   2.0277291796963717E-002   1.4484901344273633E-005
   1.2499999999999987E-002   2.4032640590998203E-002   1.7816611644212529E-005
   1.5000000000000012E-002   2.8663921505303634E-002   2.1438997219853847E-005
   1.7499999999999995E-002   3.3246309401248515E-002   2.7569229707519610E-005
   2.0499999999999980E-002   3.8729850180606595E-002   3.0481907586118508E-005
   2.4000000000000014E-002   4.5055847782505640E-002   3.4048580288818479E-005
   2.8000000000000021E-002   5.2248848567829971E-002   4.2283639361473380E-005
   3.2999999999999967E-002   6.1107028626314099E-002   4.7375432055566108E-005
   3.9000000000000000E-002   7.1588046752840695E-002   4.8307066697987130E-005
   4.5500000000000061E-002   8.2787402121586834E-002   5.6742972469272616E-005
   5.3500000000000068E-002   9.6483295743523947E-002   6.3285849958415459E-005
   6.3000000000000056E-002  0.11251190576270630        7.7842086509812990E-005
   7.3999999999999927E-002  0.13062935879377097        9.6677953084130751E-005
   8.6999999999999980E-002  0.15186174349277731        1.2657082071253358E-004
  0.10200000000000009       0.17594146899288679        1.5460369981128429E-004
  0.12000000000000009       0.20436574219295242        1.4783194466041672E-004
  0.14100000000000001       0.23716126263370860        1.6853020421185561E-004
  0.16549999999999990       0.27447589291756513        2.0302385284663621E-004
  0.19449999999999981       0.31799812731816340        2.2548731513383880E-004
  0.22850000000000026       0.36801783058034698        2.6223446201852486E-004
  0.26849999999999985       0.42631290818005152        3.0966793362283596E-004
  0.31550000000000006       0.49364855428760340        3.6689814241417024E-004
  0.37049999999999988       0.57108717688065125        4.4442923215919479E-004
  0.43550000000000033       0.66118186544602564        5.2256258353607446E-004
  0.51150000000000073       0.76498746287722297        5.7914505599902810E-004
  0.60099999999999931       0.88417282244178663        5.6056205455348707E-004
  0.70649999999999902        1.0222234450859948        7.0525927650764173E-004
  0.82999999999999885        1.1820973399301984        8.7601801259366537E-004
  0.97500000000000098        1.3688332275295410        9.9560780649918593E-004
   1.1454999999999989        1.5847720764328608        1.2364369646729791E-003
   1.3460000000000023        1.8366331573735304        1.4092349838689398E-003
   1.5810000000000020        2.1285306390531993        1.8689840793283663E-003
   1.8575000000000015        2.4692193903358293        2.2629828041210403E-003
   2.1825000000000019        2.8639091529966576        2.8335180925668181E-003
   2.5645000000000007        3.3267435554281306        3.0764878274408118E-003
   3.0130000000000030        3.8678175852039915        3.6713808475469993E-003
   3.5395000000000021        4.4993081939132233        4.2787049427832832E-003
   4.1589999999999971        5.2342603082101276        4.7561977444468056E-003
   4.8860000000000019        6.1002132909984264        5.6270206827385332E-003
   5.7410000000000005        7.1138861840293028        6.8314118801906911E-003
   6.7450000000000037        8.3020578157192340        7.6157886932912760E-003
   7.9245000000000099        9.6938293032103218        8.7507158315430610E-003
   9.3105000000000011        11.325759694503164        9.7134494560068597E-003
   10.938999999999997        13.228788789436173        1.2163986236966460E-002
   12.851999999999984        15.491925745737371        1.3273032510605055E-002
   15.100000000000016        18.132321417053561        1.5904309573757911E-002
   17.740500000000011        21.222904608930762        1.8982320503007136E-002
   20.843499999999970        24.852346906456589        2.1791446092504642E-002
   24.489000000000019        29.113575940668831        2.3304628589378418E-002
   28.771999999999984        34.117225622896960        2.7426533081009789E-002
   33.804000000000038        39.994792350256574        3.1312241080537491E-002
   39.716500000000003        46.880163845116677        3.4969257531600476E-002
   46.662499999999945        55.011786006144554        3.8486864298552921E-002
   54.824000000000041        64.520076904855713        4.4333418605027403E-002
   64.412499999999937        75.681589318332470        4.7959085359262903E-002
   75.677999999999912        88.861623934746447        6.3279648090011908E-002
   88.914000000000016        104.26737736585835        7.6344632269526036E-002
   104.46500000000009        122.35056247444268        8.4126242070805379E-002
   122.73549999999983        143.74161532457913       0.10770286727420968     
   144.20150000000001        168.78795348505543       0.15157362367200752     
   169.42199999999997        198.38314000854200       0.18362857474793876     
   199.05350000000001        232.90994846575708       0.23639316495896653     
   233.86750000000018        273.63865403807534       0.30324604744062328     
   274.77050000000008        321.50853725041299       0.39147591918742125     
   322.82700000000006        377.80141340056775       0.46707798011170282     
   379.28900000000039        443.77534348677739       0.62013672228317229     
   445.62549999999931        521.35030471308278       0.74646943499606644     
   523.56450000000029        612.41075242578506       0.90959975943374760     
   615.13450000000000        719.33307507046720        1.1706245464063352     
   722.72000000000060        845.14527915636904        1.4690359423714130     
   849.12200000000098        993.14412254372291        1.9476730492007903     
   997.63100000000077        1166.5655033774713        2.5593185634484819     
   1172.1145000000008        1370.6963129933638        3.2966112815316753     
   1377.1145000000001        1610.2165811641303        4.2761755502483751     
   1617.9685000000015        1891.6199228099144        5.4451011071114381     
   1900.9470000000001        2223.8700088466503        7.1356610081009402     
   2233.4180000000024        2614.1235037807201        9.2203400999153384     
   2624.0375000000031        3069.1263604252031        12.056399266773280     
   3082.9750000000035        3604.8182324164427        15.437749765965620     
   3622.1799999999953        4237.9345720169422        19.830664527410352     
   4255.6900000000014        4981.3930130626741        25.445877565195648     
   5000.0000000000000        5852.7810467550307        32.084313019799396     
