   0.0000000000000000        3.7921317462872228E-031   1.7262701006284561E-032
   5.0000000000000034E-004   9.2706295065766910E-004   3.1661352203776729E-007
   1.0000000000000007E-003   1.7627053322233394E-003   6.5928072323289461E-007
   1.5000000000000009E-003   2.5238108016125906E-003   1.0545116848382884E-006
   2.0000000000000013E-003   3.2260081855402323E-003   1.3660846000832561E-006
   2.5000000000000014E-003   3.8787929490985812E-003   1.5870048594891949E-006
   3.0000000000000018E-003   4.4858977053408152E-003   2.0483505260022951E-006
   3.5000000000000027E-003   5.0556664796038040E-003   2.3862508074821433E-006
   4.0000000000000027E-003   5.5927665441173726E-003   2.5134977184979242E-006
   5.0000000000000027E-003   6.5873639942438146E-003   2.3978751582246702E-006
   5.5000000000000032E-003   7.0501640396301172E-003   2.5179593585050062E-006
   6.5000000000000049E-003   7.9171997817786364E-003   2.7573787898304003E-006
   7.5000000000000058E-003   8.7150451628971240E-003   3.2762472063702351E-006
   9.0000000000000063E-003   9.8131849691950098E-003   4.3523903626616424E-006
   1.0499999999999992E-002   1.0811770204901767E-002   5.1572222370560596E-006
   1.2499999999999987E-002   1.2031845611966418E-002   6.6540258669239670E-006
   1.5000000000000012E-002   1.3409847336418637E-002   7.3066101076377607E-006
   1.7499999999999995E-002   1.4639307520737091E-002   7.3177260986081805E-006
   2.0499999999999980E-002   1.5997089072210598E-002   8.7581049255081283E-006
   2.4000000000000014E-002   1.7418568340295672E-002   9.6404020610821942E-006
   2.8000000000000021E-002   1.8914900657192993E-002   1.1136015967137302E-005
   3.2999999999999967E-002   2.0601015893988765E-002   1.3059821596021243E-005
   3.9000000000000000E-002   2.2434590885325796E-002   1.2773383930418529E-005
   4.5500000000000061E-002   2.4223940780230286E-002   1.4920757733933410E-005
   5.3500000000000068E-002   2.6233485167221932E-002   1.5987162554915229E-005
   6.3000000000000056E-002   2.8392969700194476E-002   1.8846627029609376E-005
   7.3999999999999927E-002   3.0648478379439528E-002   2.2796224633034338E-005
   8.6999999999999980E-002   3.3103643259358571E-002   2.7397378062283650E-005
  0.10200000000000009        3.5668587570835152E-002   2.5695929704675659E-005
  0.12000000000000009        3.8495647643510350E-002   3.0873863639452685E-005
  0.14100000000000001        4.1533778759896937E-002   3.4469670695650593E-005
  0.16549999999999990        4.4733780233776055E-002   3.8714767242292711E-005
  0.19449999999999981        4.8263568278589672E-002   4.6156890592706159E-005
  0.22850000000000026        5.2105159820437320E-002   5.0616683328978211E-005
  0.26849999999999985        5.6340560176357822E-002   5.0122267614818203E-005
  0.31550000000000006        6.0937047353642984E-002   6.3322779751691304E-005
  0.37049999999999988        6.5965821864560778E-002   7.9389876177580693E-005
  0.43550000000000033        7.1665926112082487E-002   9.2426309480593996E-005
  0.51150000000000073        7.7944917933098962E-002   9.2996929226585179E-005
  0.60099999999999931        8.4909829417260538E-002   1.0936269052673967E-004
  0.70649999999999902        9.2755638180001640E-002   1.1371598657767278E-004
  0.82999999999999885       0.10160152952129367        1.2294509738641085E-004
  0.97500000000000098       0.11170199815935207        1.4285850334420810E-004
   1.1454999999999989       0.12307025812277823        1.6708519220671263E-004
   1.3460000000000023       0.13589455830189062        1.9081345419140098E-004
   1.5810000000000020       0.15056454747971459        2.1444318229655430E-004
   1.8575000000000015       0.16746693459040923        2.2027569466517963E-004
   2.1825000000000019       0.18687455247200391        2.6864040236067614E-004
   2.5645000000000007       0.20913169625639094        2.9993566270960148E-004
   3.0130000000000030       0.23470231937728958        3.3795757857322357E-004
   3.5395000000000021       0.26439289313959591        3.9694868664384979E-004
   4.1589999999999971       0.29811091052055516        4.3629196739120035E-004
   4.8860000000000019       0.33734887810958974        5.2047027563854192E-004
   5.7410000000000005       0.38295906289904802        6.1799170084684087E-004
   6.7450000000000037       0.43621198639412434        7.3030377817487932E-004
   7.9245000000000099       0.49812170299610153        7.4381134160165119E-004
   9.3105000000000011       0.56921984123905256        7.6335061130999155E-004
   10.938999999999997       0.65260495508778860        8.9546020369099619E-004
   12.851999999999984       0.75011830333641161        1.0875389138088999E-003
   15.100000000000016       0.86366137099902618        1.2790312290169219E-003
   17.740500000000011       0.99597399053495828        1.4813365501709828E-003
   20.843499999999970        1.1519084778438287        1.6766329850445108E-003
   24.489000000000019        1.3344719396745044        1.8746737341760972E-003
   28.771999999999984        1.5464375092237925        2.0409918095899088E-003
   33.804000000000038        1.7951804112657277        2.4383529848997915E-003
   39.716500000000003        2.0879455040800212        2.9137576930176896E-003
   46.662499999999945        2.4285797790672592        3.3183372429472142E-003
   54.824000000000041        2.8298943530063858        3.6609285343729456E-003
   64.412499999999937        3.3001605408405701        4.3013046712525715E-003
   75.677999999999912        3.8526405411528168        4.3497615903338128E-003
   88.914000000000016        4.5088369986699472        5.5300336637186262E-003
   104.46500000000009        5.2707457569652316        6.6364701759184528E-003
   122.73549999999983        6.1712294732861617        8.1095001666765584E-003
   144.20150000000001        7.2208681837127475        1.0326608035164227E-002
   169.42199999999997        8.4571538174196430        1.2426344747552385E-002
   199.05350000000001        9.9101004827182830        1.5173369544734827E-002
   233.86750000000018        11.619923816148463        1.9099940352593419E-002
   274.77050000000008        13.610850270111314        2.3026814404665238E-002
   322.82700000000006        15.968555156056814        2.8477266200753804E-002
   379.28900000000039        18.720028369586451        3.5473477961922593E-002
   445.62549999999931        21.971209077587144        4.3071384938586581E-002
   523.56450000000029        25.789154586425067        5.1955447350989226E-002
   615.13450000000000        30.266714824606559        6.2545344010761242E-002
   722.72000000000060        35.523285284350450        7.6132778779991389E-002
   849.12200000000098        41.701273692021495        9.0653547289353348E-002
   997.63100000000077        48.958024334333203       0.10950562959204514     
   1172.1145000000008        57.493519186525340       0.13287645581548721     
   1377.1145000000001        67.539703428978228       0.16334916378148509     
   1617.9685000000015        79.339348331354202       0.20163588553989215     
   1900.9470000000001        93.195228848306527       0.25428588162703730     
   2233.4180000000024        109.49075553124733       0.32212317262521445     
   2624.0375000000031        128.58208004721214       0.39421449375796680     
   3082.9750000000035        151.04234180833802       0.47230259849444256     
   3622.1799999999953        177.39844358478754       0.60105993287298876     
   4255.6900000000014        208.41564442406386       0.69319884853687741     
   5000.0000000000000        244.82270584829783       0.94497566966684499     
