   0.0000000000000000        5.3977750905611903E-031   3.0854951084752986E-032
   5.0000000000000034E-004   9.6470553933704155E-004   4.4575058760074212E-007
   1.0000000000000007E-003   1.8766161074869391E-003   8.7607821155689114E-007
   1.5000000000000009E-003   2.7417747142680941E-003   1.2290976426210688E-006
   2.0000000000000013E-003   3.5686073264514376E-003   1.4342253139214958E-006
   2.5000000000000014E-003   4.3591943520266451E-003   1.6096363717207669E-006
   3.0000000000000018E-003   5.1159208859576201E-003   1.8493382893133470E-006
   3.5000000000000027E-003   5.8460946021866430E-003   2.3130662394178697E-006
   4.0000000000000027E-003   6.5467458452333283E-003   2.8960844049050719E-006
   5.0000000000000027E-003   7.8815552226005024E-003   3.5625236073100958E-006
   5.5000000000000032E-003   8.5182756558025118E-003   3.9783747038753494E-006
   6.5000000000000049E-003   9.7405061601810623E-003   5.0834105081309343E-006
   7.5000000000000058E-003   1.0902383701794912E-002   4.9987748906672702E-006
   9.0000000000000063E-003   1.2532721601403606E-002   6.6281988142772954E-006
   1.0499999999999992E-002   1.4064412487400913E-002   7.4864287922392574E-006
   1.2499999999999987E-002   1.5965753947366171E-002   7.7128978996888576E-006
   1.5000000000000012E-002   1.8148339467116015E-002   8.7639372158156403E-006
   1.7499999999999995E-002   2.0178615251694312E-002   8.7952842841960234E-006
   2.0499999999999980E-002   2.2439061256172912E-002   9.6193151794975900E-006
   2.4000000000000014E-002   2.4901731760336662E-002   1.1369698481538198E-005
   2.8000000000000021E-002   2.7491833631447936E-002   1.4487896800319222E-005
   3.2999999999999967E-002   3.0482723852614406E-002   1.7917588049594128E-005
   3.9000000000000000E-002   3.3799946362994999E-002   1.9305911497409051E-005
   4.5500000000000061E-002   3.7130643201227914E-002   2.1994983835288543E-005
   5.3500000000000068E-002   4.0914235144010477E-002   2.5029332469510385E-005
   6.3000000000000056E-002   4.5083480182084919E-002   2.5821239581843516E-005
   7.3999999999999927E-002   4.9564384790184164E-002   3.0896874721058705E-005
   8.6999999999999980E-002   5.4555565810757857E-002   3.2409686468523289E-005
  0.10200000000000009        5.9864596271488039E-002   3.4967736954752356E-005
  0.12000000000000009        6.5878362006220770E-002   3.9141048107163025E-005
  0.14100000000000001        7.2490141574923631E-002   4.4967158885225037E-005
  0.16549999999999990        7.9823930938369592E-002   5.4711316107117104E-005
  0.19449999999999981        8.8018759380370931E-002   6.2716641298408095E-005
  0.22850000000000026        9.7243271340897872E-002   6.9274575518857263E-005
  0.26849999999999985       0.10761142789634455        8.2764635991923848E-005
  0.31550000000000006       0.11943800857974086        9.6563910464617751E-005
  0.37049999999999988       0.13287323438952836        1.1094280123989546E-004
  0.43550000000000033       0.14822303260079689        1.2608729053890501E-004
  0.51150000000000073       0.16590282053972458        1.5655315836248819E-004
  0.60099999999999931       0.18624664050080122        1.8295583332467112E-004
  0.70649999999999902       0.20988923322415498        1.8797417043078880E-004
  0.82999999999999885       0.23699601234373324        2.2769712501844794E-004
  0.97500000000000098       0.26844479196477072        2.6558062601791320E-004
   1.1454999999999989       0.30523521275727983        3.1995407622429289E-004
   1.3460000000000023       0.34811762075179586        3.4823434663454485E-004
   1.5810000000000020       0.39763078075527275        3.7327993074399567E-004
   1.8575000000000015       0.45542060931698025        4.3640349118809435E-004
   2.1825000000000019       0.52264493004702295        5.0433320416622802E-004
   2.5645000000000007       0.60075145672650987        5.5875752707659635E-004
   3.0130000000000030       0.69234937008712261        6.3396423316243022E-004
   3.5395000000000021       0.79888137572269191        6.9985853109415578E-004
   4.1589999999999971       0.92412307191051057        8.3269855483832848E-004
   4.8860000000000019        1.0702911486427589        9.5372991374654051E-004
   5.7410000000000005        1.2402390211955243        9.5039686872285813E-004
   6.7450000000000037        1.4405242438450769        1.1587261516567142E-003
   7.9245000000000099        1.6749721670702584        1.2732353131236082E-003
   9.3105000000000011        1.9501015418703997        1.4269574720323368E-003
   10.938999999999997        2.2741496915054964        1.7469106055349880E-003
   12.851999999999984        2.6511055823429448        1.9754633948869237E-003
   15.100000000000016        3.0938454843470700        2.1024487429239318E-003
   17.740500000000011        3.6151391074093029        2.5873523538969103E-003
   20.843499999999970        4.2285210535957400        2.8439495772598039E-003
   24.489000000000019        4.9477459319390338        3.2235615336443880E-003
   28.771999999999984        5.7890702114933186        3.6407773297399523E-003
   33.804000000000038        6.7774204531542965        4.7593011492623712E-003
   39.716500000000003        7.9394251210121336        5.5137912207802011E-003
   46.662499999999945        9.3125316438598578        6.5208696174634470E-003
   54.824000000000041        10.918782147573145        7.6549185027382496E-003
   64.412499999999937        12.808324036325322        8.3505073334366273E-003
   75.677999999999912        15.024601543123550        8.7452147615816617E-003
   88.914000000000016        17.634689575069391        1.0597272901443390E-002
   104.46500000000009        20.690292033874460        1.2964558177054742E-002
   122.73549999999983        24.285112249998040        1.4802182928495007E-002
   144.20150000000001        28.508289797524295        2.0539508015094115E-002
   169.42199999999997        33.479260140705151        2.5405013704926288E-002
   199.05350000000001        39.303244217661096        2.9320657839655977E-002
   233.86750000000018        46.135431842732274        3.4945705316091175E-002
   274.77050000000008        54.197152421307457        4.6606934237861539E-002
   322.82700000000006        63.622178065713172        5.5991563339574842E-002
   379.28900000000039        74.723495499379439        7.0095916231035574E-002
   445.62549999999931        87.726188917337367        8.3904657113974102E-002
   523.56450000000029        103.03693770407783       0.10551165031620260     
   615.13450000000000        121.02126751700170       0.13463353389596275     
   722.72000000000060        142.12431369496377       0.16887589848562562     
   849.12200000000098        166.91577189099451       0.20872394845151085     
   997.63100000000077        196.07399194652783       0.25964969740289445     
   1172.1145000000008        230.31084537544922       0.33011567432376426     
   1377.1145000000001        270.55381686480240       0.41687187570462192     
   1617.9685000000015        317.90529746851200       0.54910937938574034     
   1900.9470000000001        373.63120595178600       0.69320074421576039     
   2233.4180000000024        438.88214448508353       0.85554465416567271     
   2624.0375000000031        515.67368594000607        1.0814541331590819     
   3082.9750000000035        605.87930251682667        1.3685205881478821     
   3622.1799999999953        710.82100525747387        1.7331656758717264     
   4255.6900000000014        834.64650345677569        2.0823157919122246     
   5000.0000000000000        981.43979130383036        2.7674912884330332     
