   0.0000000000000000        1.0000000000000000        0.0000000000000000     
   2.0000000000000012E-004   1.0000000000000000        0.0000000000000000     
   4.0000000000000024E-004   1.0000000000000000        0.0000000000000000     
   6.0000000000000049E-004   1.0000000000000000        0.0000000000000000     
   8.0000000000000047E-004   1.0000000000000000        0.0000000000000000     
   1.0000000000000007E-003   1.0000000000000000        0.0000000000000000     
   1.2000000000000010E-003   1.0000000000000000        0.0000000000000000     
   1.3999999999999989E-003   1.0000000000000000        0.0000000000000000     
   1.6000000000000009E-003   1.0000000000000000        0.0000000000000000     
   2.0000000000000013E-003   1.0000000000000000        0.0000000000000000     
   2.4000000000000020E-003   1.0000000000000000        0.0000000000000000     
   2.7999999999999978E-003   1.0000000000000000        0.0000000000000000     
   3.4000000000000063E-003   1.0000000000000000        0.0000000000000000     
   4.0000000000000027E-003   1.0000000000000000        0.0000000000000000     
   4.8000000000000039E-003   1.0000000000000000        0.0000000000000000     
   5.8000000000000091E-003  0.99999930245535729        2.9951252914225244E-007
   7.0000000000000053E-003  0.99999707031250018        6.5597644554507517E-007
   8.1999999999999955E-003  0.99999079241071498        1.0245784365257064E-006
   9.7999999999999962E-003  0.99997767857142872        1.2000993931414433E-006
   1.1800000000000005E-002  0.99994001116071418        2.9361163869181444E-006
   1.4000000000000011E-002  0.99987848772321408        4.0988904209514325E-006
   1.6800000000000009E-002  0.99975362723214312        6.0801515362005132E-006
   2.0000000000000011E-002  0.99955482700892806        8.3306045806806439E-006
   2.4000000000000014E-002  0.99921316964285678        1.1191189810822533E-005
   2.8599999999999973E-002  0.99871456473214226        1.3146403720641679E-005
   3.4199999999999987E-002  0.99798967633928559        1.6652736840237221E-005
   4.0799999999999961E-002  0.99701297433035707        1.9301633823496465E-005
   4.8799999999999968E-002  0.99567299107142893        2.8902600319602353E-005
   5.8199999999999925E-002  0.99400516183035703        3.6886754161960168E-005
   6.9399999999999934E-002  0.99189104352678548        3.6277246732666753E-005
   8.3000000000000101E-002  0.98919656808035716        4.9427323266824299E-005
   9.9000000000000130E-002  0.98610267857142864        5.5195839685657034E-005
  0.11819999999999990       0.98241420200892871        6.8441782797130641E-005
  0.14120000000000013       0.97804910714285742        9.0191200559335867E-005
  0.16859999999999981       0.97328320312500005        1.0430220977541929E-004
  0.20120000000000002       0.96781250000000052        1.1944718287284567E-004
  0.24019999999999983       0.96168847656250034        1.4268771299859060E-004
  0.28679999999999983       0.95499720982142866        1.7399262235008895E-004
  0.34240000000000015       0.94772265625000007        1.8390323658486912E-004
  0.40879999999999961       0.93976994977678574        1.9799671601285923E-004
  0.48819999999999975       0.93121135602678595        2.5197205412289117E-004
  0.58279999999999954       0.92230901227678586        3.1972327516746027E-004
  0.69599999999999984       0.91249079241071418        3.4877259870598915E-004
  0.83080000000000143       0.90221819196428543        3.3438959522273551E-004
  0.99199999999999899       0.89088671875000025        4.0720970899306197E-004
   1.1843999999999981       0.87855650111607175        3.8275164072226753E-004
   1.4141999999999988       0.86577985491071452        4.5948769736983236E-004
   1.6885999999999979       0.85180482700892901        5.1887479365555795E-004
   2.0160000000000018       0.83701674107142854        5.7019896706381559E-004
   2.4069999999999996       0.82016392299107121        6.9705463724677207E-004
   2.8739999999999974       0.80192159598214263        7.7787615200037696E-004
   3.4313999999999973       0.78287499999999999        9.5337843883552234E-004
   4.0968000000000009       0.76182101004464287        9.8116748342646359E-004
   4.8916000000000004       0.73783007812499968        1.1756538504720895E-003
   5.8401999999999967       0.71089453125000024        1.3434355738578322E-003
   6.9730000000000087       0.68133900669642844        1.5449548681036645E-003
   8.3256000000000050       0.64716448102678559        1.6208936324368802E-003
   9.9403999999999968       0.60900990513392883        1.7533105628659777E-003
   11.868399999999989       0.56479241071428588        2.0708301882552157E-003
   14.170399999999981       0.51877246093750007        2.4705155882018396E-003
   16.918800000000005       0.46886774553571431        2.6025321478058707E-003
   20.200399999999970       0.41899190848214285        2.7401247353429706E-003
   24.118400000000008       0.36709877232142868        2.9251241489931983E-003
   28.796599999999959       0.31527748325892863        2.7788263920841896E-003
   34.381800000000055       0.26775097656249996        2.7767620453091452E-003
   41.050600000000024       0.22590066964285713        2.6533112607984547E-003
   49.012799999999977       0.18825083705357143        2.3981844418525570E-003
   58.519200000000069       0.15431849888392857        2.2365006642983023E-003
   69.869600000000005       0.12474818638392854        1.9896320091469786E-003
   83.421599999999955       0.10130901227678574        1.7746357023078253E-003
   99.601999999999919        8.2928292410714241E-002   1.5400372485764311E-003
   118.92079999999993        6.6414481026785682E-002   1.2291198324677099E-003
   141.98660000000012        5.3658482142857136E-002   9.6482402167047377E-004
   169.52620000000019        4.2991071428571441E-002   7.5284191092398259E-004
   202.40740000000002        3.4605901512390652E-002   6.4912551711132779E-004
   241.66640000000004        2.8286289404154525E-002   5.5928837359322159E-004
   288.54000000000048        2.3565620444606424E-002   4.9944770957954657E-004
   344.50519999999972        1.9437579719387754E-002   4.0881539404509992E-004
   411.32519999999960        1.6216895693824403E-002   3.9097584039618103E-004
   491.10580000000044        1.3215128580729164E-002   3.4800120999348399E-004
   586.36059999999998        1.0897827148437501E-002   3.0855382600856909E-004
   700.09100000000024        9.1948257028875331E-003   2.8085897891125163E-004
   835.88059999999894        7.4549325504658388E-003   2.4052088215705488E-004
   998.00779999999952        6.1157984763198737E-003   2.1656628238001061E-004
   1191.5809999999999        5.1038566468253957E-003   1.8619085110893643E-004
   1422.6998000000010        4.1899722279900324E-003   1.6902182700308019E-004
   1698.6463999999987        3.6900111607142843E-003   1.6076506747362505E-004
   2028.1156000000019        3.0529785156249993E-003   1.5384495542926732E-004
   2421.4884000000015        2.5418159656954899E-003   1.3542383384984518E-004
   2891.1597999999967        2.0691886780753958E-003   1.2284104277222364E-004
   3451.9286000000056        1.7017975514069267E-003   1.1879102506952787E-004
   4121.4637999999986        1.4039248511904761E-003   1.1499228775620649E-004
   4920.8621999999978        1.1675824175824171E-003   1.0355299033497383E-004
   5875.3116000000000        1.0423309948979589E-003   1.0899131090307434E-004
   7014.8857999999937        8.6542038690476158E-004   1.0550397952682883E-004
   8375.4914000000008        7.2777157738095229E-004   1.0360795543426853E-004
   10000.000000000000        6.0686383928571408E-004   1.3394571376265950E-004
