   0.0000000000000000        1.0000000000000000        0.0000000000000000     
   5.0000000000000034E-004   1.0000000000000000        0.0000000000000000     
   1.0000000000000007E-003   1.0000000000000000        0.0000000000000000     
   1.5000000000000009E-003   1.0000000000000000        0.0000000000000000     
   2.0000000000000013E-003   1.0000000000000000        0.0000000000000000     
   2.5000000000000014E-003   1.0000000000000000        0.0000000000000000     
   3.0000000000000018E-003   1.0000000000000000        0.0000000000000000     
   3.5000000000000027E-003  0.99999984056122448        1.5818781919277299E-007
   4.0000000000000027E-003   1.0000000000000000        0.0000000000000000     
   5.0000000000000027E-003  0.99999776785714278        6.1621470328974403E-007
   5.5000000000000032E-003  0.99999314413265283        1.2766010557864486E-006
   6.5000000000000049E-003  0.99997401147959120        2.0158756264228921E-006
   7.5000000000000058E-003  0.99993144132652967        3.5398947478701060E-006
   9.0000000000000063E-003  0.99979575892857164        5.4138426118932702E-006
   1.0499999999999992E-002  0.99956218112244888        7.5686201429408853E-006
   1.2499999999999987E-002  0.99906154336734720        1.1435147969050310E-005
   1.5000000000000012E-002  0.99812292729591900        1.6737927109635196E-005
   1.7499999999999995E-002  0.99690513392857150        2.1691502881811882E-005
   2.0499999999999980E-002  0.99504512117346933        3.1454166831603627E-005
   2.4000000000000014E-002  0.99246715561224508        3.8089832443196610E-005
   2.8000000000000021E-002  0.98915114795918346        4.2130998830138226E-005
   3.2999999999999967E-002  0.98451626275510196        5.5250410159271470E-005
   3.9000000000000000E-002  0.97860092474489802        5.4692899820888073E-005
   4.5500000000000061E-002  0.97194531250000005        7.3196939506739857E-005
   5.3500000000000068E-002  0.96369068877551023        8.3655954457530275E-005
   6.3000000000000056E-002  0.95378459821428541        8.9518623157138866E-005
   7.3999999999999927E-002  0.94251961096938774        1.0753865995556501E-004
   8.6999999999999980E-002  0.92974473852040795        1.2998054729089064E-004
  0.10200000000000009       0.91562244897959177        1.5171150353593925E-004
  0.12000000000000009       0.89958625637755085        1.5177732841430337E-004
  0.14100000000000001       0.88234980867346957        1.8212605119544649E-004
  0.16549999999999990       0.86376403061224472        1.9816841611916281E-004
  0.19449999999999981       0.84360459183673453        2.2400450050287946E-004
  0.22850000000000026       0.82177487244897951        2.8997621291869760E-004
  0.26849999999999985       0.79875621811224462        2.8634779003050667E-004
  0.31550000000000006       0.77404097576530584        3.5225279541119362E-004
  0.37049999999999988       0.74804687499999989        3.1467218354471583E-004
  0.43550000000000033       0.72053204719387776        3.5187071205197143E-004
  0.51150000000000073       0.69170934311224508        4.0731436705717592E-004
  0.60099999999999931       0.66173070790816346        4.1878794798024194E-004
  0.70649999999999902       0.62999027423469378        4.6315772896310116E-004
  0.82999999999999885       0.59755660076530603        4.8945215993075086E-004
  0.97500000000000098       0.56346874999999985        4.9798709463309127E-004
   1.1454999999999989       0.52832796556122452        4.9672391780531235E-004
   1.3460000000000023       0.49315449617346924        5.2274486314350633E-004
   1.5810000000000020       0.45800908801020412        5.4792039876223636E-004
   1.8575000000000015       0.42132222576530615        5.5959234442509102E-004
   2.1825000000000019       0.38501546556122446        5.6665868674509042E-004
   2.5645000000000007       0.34954001913265303        5.3795839838171038E-004
   3.0130000000000030       0.31454225127551022        4.5830203121739456E-004
   3.5395000000000021       0.28045455994897961        4.5844029351808604E-004
   4.1589999999999971       0.24819786352040826        4.5438364950250006E-004
   4.8860000000000019       0.21772161989795918        4.4131751420862174E-004
   5.7410000000000005       0.18933737244897961        3.4913982096134566E-004
   6.7450000000000037       0.16341087372448979        3.3268513711735733E-004
   7.9245000000000099       0.14010507015306123        2.9108697375910148E-004
   9.3105000000000011       0.11908514030612245        2.3729463365234911E-004
   10.938999999999997       0.10079926658163263        2.4231830677740889E-004
   12.851999999999984        8.5052295918367327E-002   2.2256413835675018E-004
   15.100000000000016        7.1161830357142880E-002   1.8211033386310538E-004
   17.740500000000011        5.9351243622448979E-002   1.4637014599668471E-004
   20.843499999999970        4.9215082908163295E-002   1.1072108752687320E-004
   24.489000000000019        4.0597417091836743E-002   9.7123718440399699E-005
   28.771999999999984        3.3806760204081639E-002   1.0129116045082118E-004
   33.804000000000038        2.7716996173469396E-002   9.8334630237974707E-005
   39.716500000000003        2.2806281887755100E-002   9.1656217682092571E-005
   46.662499999999945        1.8731345663265304E-002   8.1561327447576433E-005
   54.824000000000041        1.5383928571428576E-002   6.6896109913934106E-005
   64.412499999999937        1.2714923469387752E-002   5.7899275364051069E-005
   75.677999999999912        1.0363520408163266E-002   4.8771328509448395E-005
   88.914000000000016        8.6012436224489792E-003   4.8902398704637062E-005
   104.46500000000009        7.0714350791336962E-003   3.5404896836691352E-005
   122.73549999999983        5.8611646189087874E-003   3.4811446785082749E-005
   144.20150000000001        4.8889134735526875E-003   3.2966816945997195E-005
   169.42199999999997        4.0544629841732611E-003   2.8046073598531392E-005
   199.05350000000001        3.3996251561849229E-003   2.4142182686315623E-005
   233.86750000000018        2.8243914753401369E-003   2.3971652463991836E-005
   274.77050000000008        2.3699909651360550E-003   2.2297057491941661E-005
   322.82700000000006        1.9427784411636994E-003   2.1862628892442383E-005
   379.28900000000039        1.6439155449413810E-003   1.5552707044450422E-005
   445.62549999999931        1.3874639529724930E-003   1.5679314499102752E-005
   523.56450000000029        1.1835671768707483E-003   1.8271146719527422E-005
   615.13450000000000        9.7420715445268983E-004   1.4666647167755488E-005
   722.72000000000060        8.3612660180351183E-004   1.1968951248624962E-005
   849.12200000000098        6.8767462342079664E-004   1.2563565477071614E-005
   997.63100000000077        5.7145190393230428E-004   1.3162443426619444E-005
   1172.1145000000008        5.0366300366300361E-004   7.6428077151359751E-006
   1377.1145000000001        4.2466733314947572E-004   1.0511955056843142E-005
   1617.9685000000015        3.5287552521008408E-004   1.0209451599494465E-005
   1900.9470000000001        2.9419025674786044E-004   8.1523964595063131E-006
   2233.4180000000024        2.5652560131195332E-004   8.5252585923417101E-006
   2624.0375000000031        2.2221779336734692E-004   8.3495473079017132E-006
   3082.9750000000035        1.8455038265306124E-004   9.3774906881731891E-006
   3622.1799999999953        1.5545280612244900E-004   9.2254518613766618E-006
   4255.6900000000014        1.3851243622448978E-004   1.2726630333294563E-005
   5000.0000000000000        8.7691326530612253E-005   2.6571053144876802E-005
