   0.0000000000000000        1.0000000000000000        0.0000000000000000     
   2.0000000000000012E-004   1.0000000000000000        0.0000000000000000     
   4.0000000000000024E-004   1.0000000000000000        0.0000000000000000     
   6.0000000000000049E-004   1.0000000000000000        0.0000000000000000     
   8.0000000000000047E-004   1.0000000000000000        0.0000000000000000     
   1.0000000000000007E-003   1.0000000000000000        0.0000000000000000     
   1.3999999999999989E-003   1.0000000000000000        0.0000000000000000     
   1.6000000000000009E-003   1.0000000000000000        0.0000000000000000     
   1.7999999999999989E-003   1.0000000000000000        0.0000000000000000     
   2.1999999999999984E-003   1.0000000000000000        0.0000000000000000     
   2.5999999999999994E-003   1.0000000000000000        0.0000000000000000     
   3.0000000000000018E-003   1.0000000000000000        0.0000000000000000     
   3.5999999999999977E-003  0.99999985119047619        1.4764327007732034E-007
   4.2000000000000023E-003  0.99999970238095237        2.0713501811942463E-007
   5.0000000000000027E-003  0.99999940476190474        2.8816872279102352E-007
   6.0000000000000036E-003  0.99999657738095227        8.5139796250964366E-007
   7.1999999999999955E-003  0.99998601190476155        1.1711350825406890E-006
   8.4000000000000047E-003  0.99995773809523714        2.4440619381518881E-006
   1.0000000000000005E-002  0.99989851190476131        3.5541441490730904E-006
   1.2000000000000007E-002  0.99974419642857071        6.0697781153032575E-006
   1.4199999999999992E-002  0.99949077380952334        7.7865030526496255E-006
   1.6800000000000009E-002  0.99904702380952326        1.0110016810116014E-005
   1.9800000000000022E-002  0.99838958333333316        1.5040394026881703E-005
   2.3600000000000010E-002  0.99736443452380963        1.8073150475682748E-005
   2.8000000000000021E-002  0.99587083333333293        2.3611411038041797E-005
   3.3199999999999952E-002  0.99385684523809503        3.1147769858601183E-005
   3.9199999999999985E-002  0.99115654761904781        3.4623006986674867E-005
   4.6600000000000051E-002  0.98780133928571479        5.0968887687835805E-005
   5.5200000000000041E-002  0.98357633928571409        5.9289341962084322E-005
   6.5599999999999964E-002  0.97832678571428544        7.0772306162138914E-005
   7.7600000000000002E-002  0.97232202380952382        9.5811812432867395E-005
   9.2200000000000046E-002  0.96499181547619062        1.0737220558230681E-004
  0.10920000000000016       0.95666889880952422        1.2132526206120723E-004
  0.12940000000000018       0.94722619047619061        1.2562661814467869E-004
  0.15360000000000013       0.93645491071428555        1.5371191753641887E-004
  0.18200000000000024       0.92491964285714268        1.6982340475215057E-004
  0.21579999999999988       0.91223318452380942        2.0175498347095529E-004
  0.25600000000000017       0.89796071428571433        2.2615273219781277E-004
  0.30339999999999995       0.88258556547619049        2.4562606492761654E-004
  0.35979999999999995       0.86604955357142843        2.8181429436602913E-004
  0.42660000000000031       0.84843601190476170        3.1749888329537682E-004
  0.50600000000000012       0.82909508928571429        3.4008361510627823E-004
  0.59979999999999967       0.80892380952380971        3.6904281870774638E-004
  0.71119999999999994       0.78742455357142893        4.4566704912755718E-004
  0.84340000000000093       0.76371116071428591        4.1884623679706742E-004
   1.0000000000000000       0.73946904761904764        4.5254094327666395E-004
   1.1858000000000002       0.71330074404761912        4.9879171272521246E-004
   1.4060000000000012       0.68550252976190473        6.0085676817314779E-004
   1.6670000000000014       0.65631711309523832        6.1735042643455966E-004
   1.9766000000000019       0.62568392857142874        6.9327828628255113E-004
   2.3435999999999995       0.59221711309523828        7.0466418453921478E-004
   2.7789999999999973       0.55768407738095227        7.0886564490769369E-004
   3.2949999999999959       0.52155074404761892        6.6309238461814853E-004
   3.9070000000000040       0.48361458333333329        7.8296993128733241E-004
   4.6323999999999996       0.44579940476190483        8.5213780001029411E-004
   5.4927999999999937       0.40694717261904761        7.8567383919346361E-004
   6.5128000000000101       0.36768199404761914        7.7083682710786809E-004
   7.7223999999999942       0.32859776785714284        7.0808887282498151E-004
   9.1566000000000134       0.29016309523809525        8.2560150105338436E-004
   10.857000000000003       0.25291205357142860        8.3961719175431096E-004
   12.873399999999981       0.21850238095238095        8.0071247924527029E-004
   15.264000000000008       0.18682663690476192        7.7922061193731664E-004
   18.098799999999990       0.15791681547619041        5.9339925201438287E-004
   21.460000000000019       0.13210625000000001        5.3243399718689091E-004
   25.445400000000010       0.10965148809523813        4.8121579738400031E-004
   30.170800000000042        9.0405059523809506E-002   3.8904604174262698E-004
   35.773999999999937        7.4117708333333338E-002   3.2362594690030038E-004
   42.417600000000050        6.0514285714285715E-002   2.8446044946049486E-004
   50.295200000000015        4.9319791666666654E-002   2.2125146974320375E-004
   59.635600000000039        3.9946577380952378E-002   1.9539009141170103E-004
   70.710599999999957        3.2378273809523822E-002   1.7284576510676329E-004
   83.842599999999962        2.6281101190476188E-002   1.1063925392663273E-004
   99.413199999999975        2.1234970238095244E-002   1.2625013588025749E-004
   117.87539999999991        1.7284681729834789E-002   1.0311989068992751E-004
   139.76640000000023        1.4033193634596697E-002   8.0718207197961556E-005
   165.72279999999972        1.1475947521865889E-002   7.2836772279760383E-005
   196.49940000000012        9.4366496598639431E-003   6.5835189708783400E-005
   232.99179999999981        7.7615017361111101E-003   6.8103663648249292E-005
   276.26139999999975        6.4099702380952398E-003   6.2780931530698409E-005
   327.56659999999971        5.3628419452887545E-003   4.9715708078352260E-005
   388.39979999999952        4.4150519250253286E-003   5.2107503227972091E-005
   460.53059999999925        3.6340256211180116E-003   4.7864418437051008E-005
   546.05679999999938        3.0476190476190481E-003   4.2269873639072006E-005
   647.46639999999979        2.5603693181818184E-003   4.3422482967018333E-005
   767.70900000000063        2.1303986710963464E-003   3.2687920732363352E-005
   910.28220000000101        1.8083986643437869E-003   2.9008406971607057E-005
   1079.3328000000020        1.5009300595238101E-003   3.1385125286387817E-005
   1279.7784000000001        1.2445175438596495E-003   2.8192599134425988E-005
   1517.4493999999986        1.0812074829931973E-003   2.6694398034587365E-005
   1799.2586000000008        8.7414321789321765E-004   2.2835465527827896E-005
   2133.4036000000019        7.3198891625615779E-004   2.1682071853511998E-005
   2529.6032000000014        6.0178571428571410E-004   2.1253079133658893E-005
   2999.3821999999955        5.3323412698412704E-004   1.9211175865401946E-005
   3556.4049999999993        4.2162698412698426E-004   1.7794598776439123E-005
   4216.8738000000003        3.6737351190476174E-004   2.4556202492933167E-005
   5000.0000000000000        3.3482142857142852E-004   5.4350819693775976E-005
