   0.0000000000000000        1.0000000000000000        0.0000000000000000     
   2.0000000000000012E-004   1.0000000000000000        0.0000000000000000     
   4.0000000000000024E-004   1.0000000000000000        0.0000000000000000     
   6.0000000000000049E-004   1.0000000000000000        0.0000000000000000     
   8.0000000000000047E-004   1.0000000000000000        0.0000000000000000     
   1.0000000000000007E-003   1.0000000000000000        0.0000000000000000     
   1.3999999999999989E-003   1.0000000000000000        0.0000000000000000     
   1.6000000000000009E-003   1.0000000000000000        0.0000000000000000     
   1.7999999999999989E-003   1.0000000000000000        0.0000000000000000     
   2.1999999999999984E-003   1.0000000000000000        0.0000000000000000     
   2.5999999999999994E-003   1.0000000000000000        0.0000000000000000     
   3.0000000000000018E-003   1.0000000000000000        0.0000000000000000     
   3.5999999999999977E-003   1.0000000000000000        0.0000000000000000     
   4.2000000000000023E-003  0.99999985119047619        1.4764327007732034E-007
   5.0000000000000027E-003  0.99999880952380948        3.9371269428716617E-007
   6.0000000000000036E-003  0.99999553571428557        7.5786771500636499E-007
   7.1999999999999955E-003  0.99998586309523774        1.5747422740756614E-006
   8.4000000000000047E-003  0.99995907738095169        2.0799283585374495E-006
   1.0000000000000005E-002  0.99989032738095174        3.9762646905753683E-006
   1.2000000000000007E-002  0.99974166666666586        5.6567213000890047E-006
   1.4199999999999992E-002  0.99948913690476138        8.3183517680954303E-006
   1.6800000000000009E-002  0.99902604166666631        1.1996008580859251E-005
   1.9800000000000022E-002  0.99836101190476167        1.6757721839821523E-005
   2.3600000000000010E-002  0.99733020833333352        2.2105157216543037E-005
   2.8000000000000021E-002  0.99582008928571442        2.2099208566025669E-005
   3.3199999999999952E-002  0.99382767857142862        3.0741842471015953E-005
   3.9199999999999985E-002  0.99125982142857150        3.5544903868346445E-005
   4.6600000000000051E-002  0.98780282738095271        3.8694299016131875E-005
   5.5200000000000041E-002  0.98359687500000004        4.8892955814415929E-005
   6.5599999999999964E-002  0.97854479166666652        7.1573569258445762E-005
   7.7600000000000002E-002  0.97249970238095240        8.0498379190442040E-005
   9.2200000000000046E-002  0.96525267857142860        8.9173532864734821E-005
  0.10920000000000016       0.95724910714285727        1.1065571018828693E-004
  0.12940000000000018       0.94837619047619037        1.4175245628089396E-004
  0.15360000000000013       0.93802708333333329        1.5600224387616647E-004
  0.18200000000000024       0.92693988095238122        1.5583702152848991E-004
  0.21579999999999988       0.91476607142857158        1.7300972761110996E-004
  0.25600000000000017       0.90147142857142870        2.0809935839490859E-004
  0.30339999999999995       0.88725550595238045        2.6662635177604948E-004
  0.35979999999999995       0.87205074404761940        2.7958335983129472E-004
  0.42660000000000031       0.85542113095238104        3.2670597820244829E-004
  0.50600000000000012       0.83831562500000001        3.3606296714081766E-004
  0.59979999999999967       0.82040654761904741        3.7380904248694160E-004
  0.71119999999999994       0.80140818452380957        3.8334337710077055E-004
  0.84340000000000093       0.78129747023809537        4.0052263668591124E-004
   1.0000000000000000       0.76039866071428586        4.3406046250921555E-004
   1.1858000000000002       0.73802202380952364        4.7167571811626346E-004
   1.4060000000000012       0.71553318452380943        5.0129776363172095E-004
   1.6670000000000014       0.69145148809523804        4.9517172204825472E-004
   1.9766000000000019       0.66617931547619047        5.6033346603619368E-004
   2.3435999999999995       0.64013958333333343        5.3816067650784582E-004
   2.7789999999999973       0.61347514880952381        6.5020873988043014E-004
   3.2949999999999959       0.58524672619047602        6.9203640557362247E-004
   3.9070000000000040       0.55643705357142881        6.9928817788027882E-004
   4.6323999999999996       0.52709568452380939        7.0656850565815215E-004
   5.4927999999999937       0.49603273809523801        7.9836366038206529E-004
   6.5128000000000101       0.46452574404761904        6.6838099295020599E-004
   7.7223999999999942       0.43260163690476183        6.4592246047794142E-004
   9.1566000000000134       0.40008705357142849        6.1905069064009199E-004
   10.857000000000003       0.36783437499999999        6.2191613107347729E-004
   12.873399999999981       0.33540357142857152        6.6144038890333533E-004
   15.264000000000008       0.30477916666666671        7.2270496576158671E-004
   18.098799999999990       0.27479300595238093        6.6483433094018660E-004
   21.460000000000019       0.24555669642857147        6.7944133912265588E-004
   25.445400000000010       0.21720535714285713        6.8692497065670844E-004
   30.170800000000042       0.19146517857142853        6.1623851896282938E-004
   35.773999999999937       0.16718080357142859        4.6676519000798342E-004
   42.417600000000050       0.14529508928571433        4.4123469181451836E-004
   50.295200000000015       0.12536279761904762        3.7116321404994339E-004
   59.635600000000039       0.10789955357142855        3.3431853302388350E-004
   70.710599999999957        9.2108779761904777E-002   2.8352762607605493E-004
   83.842599999999962        7.8159077380952374E-002   2.7261699089531919E-004
   99.413199999999975        6.6407589285714275E-002   2.2926000917587538E-004
   117.87539999999991        5.6273232507288641E-002   1.9744091497673645E-004
   139.76640000000023        4.7650327988338202E-002   1.8689596355839371E-004
   165.72279999999972        4.0099003887269183E-002   1.4188876985091715E-004
   196.49940000000012        3.3857051749271151E-002   1.4117508887588381E-004
   232.99179999999981        2.8662264384920633E-002   1.2933108883147484E-004
   276.26139999999975        2.4041108630952376E-002   1.0414134039909855E-004
   327.56659999999971        2.0232712765957454E-002   9.5329543873065611E-005
   388.39979999999952        1.7062436676798375E-002   9.2515792169622018E-005
   460.53059999999925        1.4361898291925468E-002   7.8177849486396205E-005
   546.05679999999938        1.2087301587301584E-002   6.7796247700265395E-005
   647.46639999999979        1.0248579545454547E-002   7.1219726830151645E-005
   767.70900000000063        8.5584509966777408E-003   6.8962616638169218E-005
   910.28220000000101        7.2473867595818833E-003   5.6731195571975243E-005
   1079.3328000000020        6.1458333333333313E-003   4.9151512017540112E-005
   1279.7784000000001        5.1607534461152894E-003   4.2623316936276941E-005
   1517.4493999999986        4.3971088435374147E-003   4.5985120720278962E-005
   1799.2586000000008        3.6478625541125536E-003   4.4142633279862278E-005
   2133.4036000000019        3.0860016420361253E-003   4.0576517704749423E-005
   2529.6032000000014        2.6029761904761903E-003   3.8516593586467876E-005
   2999.3821999999955        2.1768707482993192E-003   3.6776459934049683E-005
   3556.4049999999993        1.8159722222222219E-003   3.7332310725077214E-005
   4216.8738000000003        1.5606398809523809E-003   3.7789927652292235E-005
   5000.0000000000000        1.3764880952380962E-003   1.0736851417666351E-004
