   0.0000000000000000        1.0000000000000000        0.0000000000000000     
   2.0000000000000012E-004   1.0000000000000000        0.0000000000000000     
   4.0000000000000024E-004   1.0000000000000000        0.0000000000000000     
   6.0000000000000049E-004   1.0000000000000000        0.0000000000000000     
   8.0000000000000047E-004   1.0000000000000000        0.0000000000000000     
   1.0000000000000007E-003   1.0000000000000000        0.0000000000000000     
   1.2000000000000010E-003   1.0000000000000000        0.0000000000000000     
   1.3999999999999989E-003   1.0000000000000000        0.0000000000000000     
   1.7999999999999989E-003   1.0000000000000000        0.0000000000000000     
   2.1999999999999984E-003   1.0000000000000000        0.0000000000000000     
   2.5999999999999994E-003   1.0000000000000000        0.0000000000000000     
   3.2000000000000019E-003   1.0000000000000000        0.0000000000000000     
   4.0000000000000027E-003   1.0000000000000000        0.0000000000000000     
   4.8000000000000039E-003  0.99999986049107137        1.3841972688950024E-007
   5.8000000000000091E-003  0.99999916294642865        3.8046550494477770E-007
   7.0000000000000053E-003  0.99999623325892917        6.1777091177747564E-007
   8.6000000000000017E-003  0.99998730468750074        1.2908056969468858E-006
   1.0600000000000014E-002  0.99996372767857133        2.1780817776424286E-006
   1.2800000000000008E-002  0.99991364397321425        3.7799169771473571E-006
   1.5599999999999975E-002  0.99980636160714276        5.5938562985692777E-006
   1.8999999999999993E-002  0.99961537388392829        7.0013596603311206E-006
   2.3200000000000037E-002  0.99929073660714229        1.0086939707492033E-005
   2.8200000000000003E-002  0.99877064732142806        1.3749771268034470E-005
   3.4400000000000007E-002  0.99797042410714265        1.7246006525739514E-005
   4.1999999999999968E-002  0.99685784040178604        2.5666840790232848E-005
   5.1200000000000030E-002  0.99528334263392870        3.2899413144121559E-005
   6.2399999999999900E-002  0.99325432477678544        3.3103321413969107E-005
   7.6200000000000032E-002  0.99067717633928576        4.3724074048599931E-005
   9.2800000000000146E-002  0.98751478794642844        4.6737872580856999E-005
  0.11319999999999998       0.98374902343750004        6.7856178317046467E-005
  0.13799999999999993       0.97935686383928622        7.9928016698210182E-005
  0.16820000000000007       0.97443749999999996        8.5002505124274897E-005
  0.20500000000000004       0.96894559151785742        1.0775070673417096E-004
  0.25000000000000000       0.96262876674107145        1.4400589845844390E-004
  0.30460000000000031       0.95589118303571419        1.4279416945926407E-004
  0.37140000000000029       0.94884807477678579        1.4715864323093704E-004
  0.45279999999999992       0.94115318080357147        1.9549887659594997E-004
  0.55180000000000007       0.93303948102678580        2.3555187596909749E-004
  0.67280000000000029       0.92433258928571405        2.8052460075278957E-004
  0.82019999999999993       0.91524748883928542        2.7417359104980226E-004
  0.99980000000000036       0.90576869419642880        3.4426839201507459E-004
   1.2188000000000012       0.89562220982142848        3.6958666152078133E-004
   1.4857999999999987       0.88509626116071438        4.2114422739180128E-004
   1.8111999999999997       0.87377092633928599        4.3039054893125571E-004
   2.2079999999999989       0.86251702008928577        4.5773114254835714E-004
   2.6915999999999967       0.85068777901785697        5.2002091020182954E-004
   3.2812000000000041       0.83762737165178580        5.9548719799053425E-004
   4.0000000000000000       0.82446582031249993        6.8272387240846544E-004
   4.8762000000000008       0.81104701450892858        6.6223503405219613E-004
   5.9443999999999919       0.79626534598214282        8.6282888783145424E-004
   7.2463999999999951       0.77973925781249975        8.4959272493513669E-004
   8.8335999999999988       0.76131598772321418        1.0732362777540502E-003
   10.768599999999996       0.74289285714285680        1.0323668255328247E-003
   13.127600000000021       0.72147279575892842        1.1960959133454842E-003
   16.003199999999996       0.69712053571428589        1.4240717321846834E-003
   19.508600000000023       0.67093443080357140        1.5442385939896601E-003
   23.781799999999983       0.64309235491071415        1.8606075960096006E-003
   28.991199999999985       0.61245772879464311        1.9123005845044600E-003
   35.341600000000000       0.57915011160714280        2.1998629939161932E-003
   43.083200000000026       0.54457352120535718        2.3632708135077523E-003
   52.520399999999988       0.50567243303571430        2.2276685666986688E-003
   64.024800000000056       0.46727664620535714        2.5804588195425179E-003
   78.049200000000027       0.42756152343749998        2.7026444817810609E-003
   95.145800000000150       0.38674051339285720        2.3289350180229706E-003
   115.98719999999982       0.34366685267857150        2.7488109649076546E-003
   141.39400000000018       0.30333984374999995        2.9636632681083867E-003
   172.36600000000001       0.26422586495535710        2.7215662357488865E-003
   210.12219999999985       0.23158482142857142        2.7467637278690287E-003
   256.14899999999977       0.20050739397321435        2.5359127769432814E-003
   312.25779999999975       0.17108370535714287        2.2754763260046844E-003
   380.65699999999953       0.14559919084821421        1.9460069303897853E-003
   464.03900000000044       0.12279882812500002        1.8530518459431125E-003
   565.68539999999962       0.10630636160714292        1.8524315766245681E-003
   689.59739999999931        8.8503348214285710E-002   1.5650670416359205E-003
   840.65179999999975        7.2753348214285724E-002   1.2313384042235982E-003
   1024.7946000000006        5.9412667410714291E-002   9.4005802420924422E-004
   1249.2732000000005        4.7388392857142851E-002   8.2854353853087945E-004
   1522.9232000000009        4.0452706473214292E-002   7.9497426085208542E-004
   1856.5155999999990        3.3536665224125357E-002   6.5173032657495241E-004
   2263.1803999999997        2.7508028881195332E-002   5.3433382433267494E-004
   2758.9243999999990        2.2749635568513116E-002   4.8662690978321744E-004
   3363.2595999999971        1.8783133370535714E-002   3.6650814270781885E-004
   4099.9729999999990        1.5256173270089279E-002   3.3105615313813312E-004
   4998.0614000000041        1.2812262537993922E-002   3.0324910586417600E-004
   6092.8738000000003        1.0724377849544067E-002   2.8469764984120796E-004
   7427.5021999999917        8.8663989712732885E-003   2.1924182784880102E-004
   9054.4773999999870        7.3214285714285707E-003   2.0014067950132732E-004
   11037.837199999991        6.1268199573863641E-003   1.9094083450994055E-004
   13455.646999999999        4.9847868835033995E-003   1.6062976662587611E-004
   16403.071800000012        3.9981515066964280E-003   1.4393942768920067E-004
   19996.122399999997        3.2549635808270657E-003   1.2436588328109294E-004
   24376.221399999988        2.6241629464285711E-003   1.2333507872756833E-004
   29715.770000000015        2.1124703543526782E-003   1.1212060725305065E-004
   36224.932800000024        1.6915457589285708E-003   1.0417499352392266E-004
   44159.910800000027        1.3938761645962731E-003   1.0090976245710488E-004
   53833.025400000050        1.0754497111344536E-003   8.8060201653954908E-005
   65625.010600000067        8.4325396825396797E-004   8.5220219539952082E-005
   80000.000000000000        6.4871651785714261E-004   9.0911069839167216E-005
