   0.0000000000000000        1.0000000000000000        0.0000000000000000     
   5.0000000000000034E-004   1.0000000000000000        0.0000000000000000     
   1.0000000000000007E-003   1.0000000000000000        0.0000000000000000     
   1.5000000000000009E-003   1.0000000000000000        0.0000000000000000     
   2.0000000000000013E-003   1.0000000000000000        0.0000000000000000     
   2.5000000000000014E-003   1.0000000000000000        0.0000000000000000     
   3.0000000000000018E-003   1.0000000000000000        0.0000000000000000     
   3.5000000000000027E-003  0.99999984056122448        1.5818781919277299E-007
   4.0000000000000027E-003  0.99999952168367345        2.6960461488428603E-007
   5.0000000000000027E-003  0.99999633290816314        7.6021255318606344E-007
   5.5000000000000032E-003  0.99999298469387732        1.0052228386330756E-006
   6.5000000000000049E-003  0.99997225765306064        2.2374784027972164E-006
   7.5000000000000058E-003  0.99992952806122393        3.5773963415006981E-006
   9.0000000000000063E-003  0.99980117984693873        5.5871507533278052E-006
   1.0499999999999992E-002  0.99955883290816350        8.3815131452667737E-006
   1.2499999999999987E-002  0.99905404974489831        1.2650398312604642E-005
   1.5000000000000012E-002  0.99813759566326599        1.7583129138580154E-005
   1.7499999999999995E-002  0.99690114795918394        2.2474505712405043E-005
   2.0499999999999980E-002  0.99496699617346940        2.6812029687336658E-005
   2.4000000000000014E-002  0.99241964285714279        4.0122539007810044E-005
   2.8000000000000021E-002  0.98911639030612275        4.5412752873683797E-005
   3.2999999999999967E-002  0.98454320790816341        6.5430045639823981E-005
   3.9000000000000000E-002  0.97859470663265313        7.4178440516974956E-005
   4.5500000000000061E-002  0.97183992346938763        8.1902466735844136E-005
   5.3500000000000068E-002  0.96363376913265297        8.4208164651281789E-005
   6.3000000000000056E-002  0.95381552933673464        9.0948412603249551E-005
   7.3999999999999927E-002  0.94262340561224478        1.1260435478906284E-004
   8.6999999999999980E-002  0.92991406250000008        1.4187252586880017E-004
  0.10200000000000009       0.91622369260204073        1.4830708390851496E-004
  0.12000000000000009       0.90054097576530612        1.8526463159711958E-004
  0.14100000000000001       0.88380532525510236        2.0901910297109095E-004
  0.16549999999999990       0.86557382015306106        2.0470358511963935E-004
  0.19449999999999981       0.84625908801020400        2.6755428635265110E-004
  0.22850000000000026       0.82547592474489784        2.8550453313537830E-004
  0.26849999999999985       0.80336495535714270        3.0746632023403037E-004
  0.31550000000000006       0.78023150510204087        3.7889939001414921E-004
  0.37049999999999988       0.75610267857142832        3.8701186362174854E-004
  0.43550000000000033       0.73105676020408172        3.6503617334283928E-004
  0.51150000000000073       0.70455102040816298        3.7621362125743262E-004
  0.60099999999999931       0.67738042091836759        3.9906047464469032E-004
  0.70649999999999902       0.64832828443877555        4.0805853015307383E-004
  0.82999999999999885       0.61958386479591820        4.5340208006165326E-004
  0.97500000000000098       0.58903316326530619        4.6878655018436368E-004
   1.1454999999999989       0.55824569515306122        5.1322132310326009E-004
   1.3460000000000023       0.52639477040816329        5.3477385695661851E-004
   1.5810000000000020       0.49439732142857162        5.2638155156550131E-004
   1.8575000000000015       0.46203970025510205        5.8516155485010494E-004
   2.1825000000000019       0.42929400510204074        4.8496279688035930E-004
   2.5645000000000007       0.39680963010204090        4.8813280457575472E-004
   3.0130000000000030       0.36471316964285722        5.3154214994622587E-004
   3.5395000000000021       0.33234151785714278        4.7564175541830523E-004
   4.1589999999999971       0.30183115433673474        5.2996978574019527E-004
   4.8860000000000019       0.27229384566326525        4.6163818257457005E-004
   5.7410000000000005       0.24368287627551014        4.7660756131078939E-004
   6.7450000000000037       0.21687659438775506        4.6286038858302123E-004
   7.9245000000000099       0.19177678571428572        3.6666755392559050E-004
   9.3105000000000011       0.16859598214285715        4.1831616534352523E-004
   10.938999999999997       0.14763632015306125        3.2850512165405758E-004
   12.851999999999984       0.12842570153061225        2.9468094301292558E-004
   15.100000000000016       0.11121045918367350        2.5475766974493804E-004
   17.740500000000011        9.6657366071428594E-002   2.1184089629094444E-004
   20.843499999999970        8.2892378826530583E-002   1.9656569393409121E-004
   24.489000000000019        7.1331313775510219E-002   2.0301395930654963E-004
   28.771999999999984        6.0923309948979605E-002   1.6101816461701847E-004
   33.804000000000038        5.2279655612244888E-002   1.4705558143565266E-004
   39.716500000000003        4.4547672193877542E-002   1.2185880781408319E-004
   46.662499999999945        3.8269610969387753E-002   1.0904698573201300E-004
   54.824000000000041        3.2565529336734685E-002   8.9264872262128714E-005
   64.412499999999937        2.7680325255102039E-002   7.8243043463228692E-005
   75.677999999999912        2.3656090561224481E-002   7.6276976496023513E-005
   88.914000000000016        2.0109693877551016E-002   5.6572688135279010E-005
   104.46500000000009        1.7105990993336109E-002   5.6831619302203661E-005
   122.73549999999983        1.4542280560183255E-002   5.5192076571492598E-005
   144.20150000000001        1.2444033735943357E-002   4.6327422174036614E-005
   169.42199999999997        1.0562330799666805E-002   4.0894285626114034E-005
   199.05350000000001        9.0102431278633877E-003   3.8623119397804624E-005
   233.86750000000018        7.6798004357993199E-003   3.8991449558791587E-005
   274.77050000000008        6.5512728528911582E-003   4.0248929626829608E-005
   322.82700000000006        5.5157335540599222E-003   2.7510307151147902E-005
   379.28900000000039        4.6756268996960481E-003   3.2166643932653256E-005
   445.62549999999931        4.0140444764862459E-003   2.7527064907492896E-005
   523.56450000000029        3.4325396825396811E-003   2.5803771904812083E-005
   615.13450000000000        2.8610201182745830E-003   2.2194775595162013E-005
   722.72000000000060        2.4451604769814904E-003   2.4259423361047716E-005
   849.12200000000098        2.0975689382896024E-003   2.0590553081846954E-005
   997.63100000000077        1.7726869711299157E-003   1.6589816908212709E-005
   1172.1145000000008        1.5216182626896907E-003   1.7779737341712589E-005
   1377.1145000000001        1.3265737038058462E-003   1.6063328536546070E-005
   1617.9685000000015        1.1289672118847531E-003   1.7620269906453426E-005
   1900.9470000000001        9.6434743252139549E-004   1.6628959121800110E-005
   2233.4180000000024        7.9093021137026246E-004   1.4256764692774065E-005
   2624.0375000000031        6.7196800595238073E-004   1.3916187473973855E-005
   3082.9750000000035        5.9829400510204094E-004   1.6111697384072377E-005
   3622.1799999999953        4.5724763119533518E-004   1.5983072615465479E-005
   4255.6900000000014        4.0158641581632652E-004   2.3902513086761814E-005
   5000.0000000000000        4.3048469387755065E-004   5.0693946675609571E-005
