   40.500000000000000       0.36968918579234172        7.7581855844994769E-004   1.5164342508720639E-002   1.2612654507459339E-002
   120.50000000000000       0.36941061244764406       -1.6080130769522305E-003   1.5098536041879126E-002   1.1932920338694758E-002
   200.50000000000000       0.37837889707854194        6.9923238115505157E-004   1.3763203288648714E-002   1.1681293269325512E-002
   280.50000000000000       0.37837363433609256        7.4311500196723728E-004   1.4816286805257387E-002   1.1389152412835498E-002
   360.50000000000000       0.38555143396459146       -2.1320710523761166E-004   1.2983514209577288E-002   1.3090421869045986E-002
   440.50000000000000       0.37964482056025339       -1.1293922096097086E-003   1.6159111167326087E-002   1.1294313478098523E-002
   520.50000000000000       0.38041386258772114        6.8669523518809510E-004   1.5846262446110811E-002   1.2513390763341566E-002
   600.50000000000000       0.38968285282314491        2.6398625796904161E-003   1.3759084245644459E-002   1.2892784591547524E-002
   680.50000000000000       0.38629897000416519       -1.0392985639912978E-003   1.6772011937698852E-002   1.2978972374754453E-002
   760.50000000000000       0.38747106857712127       -2.9139359753811156E-003   1.3263065455081656E-002   1.0669836953310030E-002
   840.50000000000000       0.38486894035223002        4.1790098192248106E-004   1.4636258985677109E-002   1.2847169287102765E-002
   920.50000000000000       0.39135146979527063       -4.7959324591924645E-004   1.5658927144528798E-002   1.2936825080060232E-002
   1000.5000000000000       0.38734202112661509       -1.9674631793116792E-003   1.5419310312167010E-002   1.4172481092965455E-002
   1080.5000000000000       0.38410428811028507       -2.2419676804683042E-004   1.4734473176191981E-002   1.2051799179945543E-002
   1160.5000000000000       0.38770600750607398        3.2330066500673217E-003   1.6711123029009615E-002   1.2424381104126496E-002
   1240.5000000000000       0.38495107206631046       -2.7499634765783430E-003   1.4186571221065819E-002   1.2339432574745167E-002
   1320.5000000000000       0.38107671112795527        1.1721581023567741E-003   1.6639926560308192E-002   1.0721553888353568E-002
   1400.5000000000000       0.37952932049635635       -2.9749581688145457E-004   1.4643459157977689E-002   1.3011131664391792E-002
   1480.5000000000000       0.38135306996223051        7.2046234045744506E-004   1.5694487933770842E-002   1.3424860218023398E-002
   1560.5000000000000       0.38465991044106007        1.3646976831810432E-003   1.3015053003077343E-002   1.1025046306026572E-002
   1640.5000000000000       0.38308988490960871       -2.6920895365108443E-004   1.4428391111690269E-002   1.1602529442842270E-002
   1720.5000000000000       0.38194566233791816        8.0807332857276706E-004   1.3102549940270563E-002   1.2735872431322653E-002
   1800.5000000000000       0.38678803973385245        2.0137231151661885E-003   1.3431247621974189E-002   1.2997686844634796E-002
   1880.5000000000000       0.38078193875615796        3.0740180463913468E-004   1.4872150139109055E-002   1.1860871987350911E-002
   1960.5000000000000       0.38666986282523086       -2.0590331986599154E-003   1.6162510591487933E-002   1.3006673798960243E-002
   2040.5000000000000       0.38585541026878190       -3.5491600238978182E-003   1.6213720101894858E-002   1.0982591044449723E-002
   2120.5000000000000       0.38750975046189212       -1.5018088137452618E-003   1.3592955973583362E-002   1.0476792338390259E-002
   2200.5000000000000       0.38515171642567481       -4.0249320232305097E-005   1.3989972921073464E-002   1.0141744953302100E-002
   2280.5000000000000       0.38789018535228903        5.9600954936600841E-004   1.3176140486336725E-002   1.1865404539042404E-002
   2360.5000000000000       0.38516055560324247        3.0941544777795954E-003   1.7052027941445110E-002   1.1952598053811356E-002
   2440.5000000000000       0.38552237448421922        1.4518188082692923E-003   1.4854669980170201E-002   1.1810392240784080E-002
