  -22.250000000000000       -4.2689350791049047E-003   1.0930528642692340E-003
  -21.750000000000000       -4.5853069765090845E-003   1.0893313044593781E-003
  -21.250000000000000       -4.9845098122146651E-003   1.0972493923783670E-003
  -20.750000000000000       -5.3808917155502966E-003   1.1200608801062296E-003
  -20.250000000000000       -5.6626149992669451E-003   1.1316732461101326E-003
  -19.750000000000000       -5.7629663923607286E-003   1.1566431754205975E-003
  -19.250000000000000       -5.7316724606185573E-003   1.1852288142318273E-003
  -18.750000000000000       -5.6675280579211156E-003   1.2105928436522933E-003
  -18.250000000000000       -5.6848841102419417E-003   1.2390450454608981E-003
  -17.750000000000000       -5.7257515696576451E-003   1.2618574475874733E-003
  -17.250000000000000       -5.8141138232558256E-003   1.2803806419399374E-003
  -16.750000000000000       -5.8503564397063765E-003   1.2891928771953222E-003
  -16.250000000000000       -5.8646973167355686E-003   1.2952931118728535E-003
  -15.750000000000000       -6.0282958969632931E-003   1.2913531460363218E-003
  -15.250000000000000       -6.0780792788282124E-003   1.2995812032797094E-003
  -14.750000000000000       -5.9613593866491357E-003   1.3017457604895481E-003
  -14.250000000000000       -5.8053101537451843E-003   1.2984919509748394E-003
  -13.750000000000000       -5.6698259213494411E-003   1.2958701870517044E-003
  -13.250000000000000       -5.4829950070979187E-003   1.2997637636517302E-003
  -12.750000000000000       -5.4653997703225168E-003   1.3134496969389572E-003
  -12.250000000000000       -5.4736213310377854E-003   1.3381194035238385E-003
  -11.750000000000000       -5.5367764167459175E-003   1.3573453664855891E-003
  -11.250000000000000       -5.6925265147180267E-003   1.3720473587707843E-003
  -10.750000000000000       -6.0027925946540602E-003   1.3790379549401075E-003
  -10.250000000000000       -6.2122890567944539E-003   1.3709592282433092E-003
  -9.7500000000000000       -6.4662633563895774E-003   1.3642314859700583E-003
  -9.2500000000000000       -6.7554859755614739E-003   1.3633715551953122E-003
  -8.7500000000000000       -7.0788790468636932E-003   1.3584706271175446E-003
  -8.2500000000000000       -7.4670375677465314E-003   1.3483724377555467E-003
  -7.7500000000000000       -7.9754348175000850E-003   1.3182118976752184E-003
  -7.2500000000000000       -8.5387272713673863E-003   1.2966723883163025E-003
  -6.7500000000000000       -9.2029376681317179E-003   1.2633084890178487E-003
  -6.2500000000000000       -9.8232062516397205E-003   1.2356647430078883E-003
  -5.7500000000000000       -1.0514539240402432E-002   1.2156706881987199E-003
  -5.2500000000000000       -1.1219724167048131E-002   1.2059979901110241E-003
  -4.7500000000000000       -1.1844202905062450E-002   1.1962881019176564E-003
  -4.2500000000000000       -1.2550333574925665E-002   1.1709296581699899E-003
  -3.7500000000000000       -1.3201023733485601E-002   1.1519372137786259E-003
  -3.2500000000000000       -1.3367493708682111E-002   1.1534624288027260E-003
  -2.7500000000000000       -1.3696589689762576E-002   1.1503662437237780E-003
  -2.2500000000000000       -1.3087365666183832E-002   1.1623339900260466E-003
  -1.7500000000000000       -1.1675994235586105E-002   1.1722898973822663E-003
  -1.2500000000000000       -1.0856054086573717E-002   1.1654542031670873E-003
 -0.75000000000000000       -6.3299846902314470E-003   1.1611429193054202E-003
 -0.25000000000000000       -2.8562503804275153E-004   1.1676531553815592E-003
  0.25000000000000000        5.4262219818482869E-003   1.1881416557413497E-003
  0.75000000000000000        1.0115073606681589E-002   1.2240854815592805E-003
   1.2500000000000000        1.2169588201745761E-002   1.2626325342213116E-003
   1.7500000000000000        1.3550639075443502E-002   1.2770612878685772E-003
   2.2500000000000000        1.4357588117633930E-002   1.2703983953993208E-003
   2.7500000000000000        1.3509794151620118E-002   1.2526238220083869E-003
   3.2500000000000000        1.3500672929048795E-002   1.2424393134884643E-003
   3.7500000000000000        1.2730157398285013E-002   1.2177913205431191E-003
   4.2500000000000000        1.1906502276389196E-002   1.2015191369796029E-003
   4.7500000000000000        1.1197834740832869E-002   1.1711409361421204E-003
   5.2500000000000000        1.0184197216643957E-002   1.1215639451357077E-003
   5.7500000000000000        9.2642636463557779E-003   1.0838811684233689E-003
   6.2500000000000000        8.2339906205817354E-003   1.0596331696560298E-003
   6.7500000000000000        7.2697470095697478E-003   1.0443170043017275E-003
   7.2500000000000000        6.2737775576259189E-003   1.0636064588682151E-003
   7.7500000000000000        5.4087062111371383E-003   1.0766376784342373E-003
   8.2500000000000000        4.6522592350334360E-003   1.0998816895923657E-003
   8.7500000000000000        4.0337099702477709E-003   1.1273140601405710E-003
   9.2500000000000000        3.4432273062556442E-003   1.1479571824493514E-003
   9.7500000000000000        2.8926471424787735E-003   1.1803569417070192E-003
   10.250000000000000        2.3354169198228029E-003   1.1977481014945565E-003
   10.750000000000000        1.7409535144250355E-003   1.2101022764048151E-003
   11.250000000000000        1.1373243531062564E-003   1.2283247481032417E-003
   11.750000000000000        4.8343723868634128E-004   1.2336135306583794E-003
   12.250000000000000       -1.5985897486746684E-004   1.2386329266633825E-003
   12.750000000000000       -7.7738169054163836E-004   1.2353627919994110E-003
   13.250000000000000       -1.2230814158757757E-003   1.2294110244812939E-003
   13.750000000000000       -1.5232503572305354E-003   1.2092997472620437E-003
   14.250000000000000       -1.8020768374793078E-003   1.1731747299527136E-003
   14.750000000000000       -1.9409754531890377E-003   1.1581868900523581E-003
   15.250000000000000       -1.9564265121758788E-003   1.1468593918331669E-003
   15.750000000000000       -1.8840867598743961E-003   1.1318808059105499E-003
   16.250000000000000       -1.6876342780906949E-003   1.1289972222567194E-003
   16.750000000000000       -1.5954320656462948E-003   1.1396823294484921E-003
   17.250000000000000       -1.5955398403196177E-003   1.1526049346921490E-003
   17.750000000000000       -1.7107199952667053E-003   1.1564242366304922E-003
   18.250000000000000       -1.8688477441233080E-003   1.1654049999325349E-003
   18.750000000000000       -2.0191665339535699E-003   1.1537538478702306E-003
   19.250000000000000       -2.2144029094842387E-003   1.1223209465268927E-003
   19.750000000000000       -2.4563490090408549E-003   1.1206894243143972E-003
   20.250000000000000       -2.7018892617984222E-003   1.1194541136852986E-003
   20.750000000000000       -2.9501963872153071E-003   1.1112344569448574E-003
   21.250000000000000       -3.2430646874198350E-003   1.1022104033213572E-003
   21.750000000000000       -3.5471758207962899E-003   1.1004102864104145E-003
   22.250000000000000       -3.9003957314096369E-003   1.0957117554381017E-003
