  -44.000000000000000       -7.7636413227999412E-004
  -42.000000000000000       -1.0317614681549792E-003
  -40.000000000000000       -1.1618998558178273E-003
  -38.000000000000000       -1.2524393992144889E-003
  -36.000000000000000       -1.3899124569788368E-003
  -34.000000000000000       -1.5576713817894161E-003
  -32.000000000000000       -1.6561569920658936E-003
  -30.000000000000000       -1.9753226261626233E-003
  -28.000000000000000       -2.1176790658280487E-003
  -26.000000000000000       -2.3756766597207157E-003
  -24.000000000000000       -2.3444152672733587E-003
  -22.000000000000000       -2.3472359201129889E-003
  -20.000000000000000       -2.5669721967574999E-003
  -18.000000000000000       -3.1354163608410257E-003
  -16.000000000000000       -3.6896607917767943E-003
  -14.000000000000000       -4.0880855589686682E-003
  -12.000000000000000       -4.7229372610069209E-003
  -10.000000000000000       -5.7059849015892450E-003
  -8.0000000000000000       -7.2467659472477131E-003
  -6.0000000000000000       -1.0119650842791650E-002
  -4.0000000000000000       -1.4055836029539526E-002
  -2.0000000000000000       -1.7229023820960809E-002
   0.0000000000000000        1.7680153663418574E-003
   2.0000000000000000        1.4059096332370680E-002
   4.0000000000000000        8.9304288691312017E-003
   6.0000000000000000        6.7437116632566019E-003
   8.0000000000000000        5.0284865588654526E-003
   10.000000000000000        3.7008517695700238E-003
   12.000000000000000        2.8376995538698102E-003
   14.000000000000000        2.2214021410204010E-003
   16.000000000000000        1.6888217084979340E-003
   18.000000000000000        1.2989113467227753E-003
   20.000000000000000        8.5268517659731202E-004
   22.000000000000000        6.6825412395821182E-004
   24.000000000000000        5.8593169530996025E-004
   26.000000000000000        3.5379237582022771E-004
   28.000000000000000        2.3823687232793489E-004
   30.000000000000000        2.8326145199542019E-004
   32.000000000000000        2.3085207204076585E-004
   34.000000000000000        1.9375111046981974E-004
   36.000000000000000       -5.8430957803445871E-005
   38.000000000000000       -1.1710711357948433E-004
   40.000000000000000       -2.1488077912146242E-004
   42.000000000000000       -2.7882568737624958E-004
   44.000000000000000       -3.5293021423765669E-004
