   1.0000000000000005E-002   3.2339594466227789E-003  -4.0502581867109591E-004
   3.0000000000000023E-002   1.6922387129418670E-003   1.7071189031262561E-004
   4.9999999999999947E-002   3.6612149985909624E-003  -3.0105595792741030E-004
   9.9999999999999895E-002   9.1557042339810591E-003   6.4266907042699779E-004
  0.30000000000000038        2.4658836219002306E-002   8.4670576449642754E-004
  0.50000000000000000        4.5856954591665521E-002   1.7002986735510464E-003
  0.70000000000000051        7.7405830882563184E-002   1.9479825909745627E-003
   1.0000000000000000       0.12221287306624788        2.7411296395476871E-003
   1.5000000000000000       0.23828415601710798        3.6815045543561529E-003
   2.0000000000000000       0.37311218457753115        4.6888264587056369E-003
   2.5000000000000000       0.53938297469978413        5.5834300535146748E-003
   3.0000000000000000       0.73046943181157697        6.1816590657445642E-003
   3.5000000000000000       0.91962416805345648        7.0227744066993407E-003
   4.0000000000000000        1.1412134529738340        7.5714033505228564E-003
   4.5000000000000000        1.3562623057360466        7.9805710956084314E-003
   5.0000000000000000        1.5909170067714311        8.3669707773164435E-003
