   1.0000000000000000E-002   9.2861267668015376E-003
   1.0000000000000000E-002  -2.9348044036933102E-003
   1.0000000000000000E-002   1.6792069759520582E-002
   1.0000000000000000E-002   3.1004052611986865E-003
   1.0000000000000000E-002  -1.9586654618172854E-003
   1.0000000000000000E-002   1.5673272652995715E-002
   1.0000000000000000E-002   3.7873320050843900E-003
   1.0000000000000000E-002   1.9944443619983356E-003
   1.0000000000000000E-002   1.0464852147026121E-002
   1.0000000000000000E-002  -4.0576359742833515E-003
   1.0000000000000000E-002  -1.1121620869695516E-002
   1.0000000000000000E-002   2.2714973058237374E-003
   1.0000000000000000E-002  -1.3952677782106850E-002
   1.0000000000000000E-002  -5.3573810892108839E-003
   1.0000000000000000E-002   2.3265145045923016E-002
   1.0000000000000000E-002   2.3601962911845025E-003
   1.0000000000000000E-002   6.8804058974503155E-003
   1.0000000000000000E-002   2.5809044855114122E-002
   1.0000000000000000E-002  -3.5300948656218022E-003
   1.0000000000000000E-002   9.3660251570384951E-003
   1.0000000000000000E-002  -9.2048299659236669E-003
   1.0000000000000000E-002   3.3778752616849085E-005
   1.0000000000000000E-002   1.2171288301623067E-002
   1.0000000000000000E-002  -5.3124736400100034E-004
   1.0000000000000000E-002   1.1027930968631606E-002
   1.0000000000000000E-002   9.9554880303805485E-004
   1.0000000000000000E-002   1.0662299313691002E-002
   1.0000000000000000E-002   4.2749287035947284E-003
   1.0000000000000000E-002   1.3383239238652707E-002
   1.0000000000000000E-002   2.7652561216201389E-002
   1.0000000000000000E-002  -1.2059810219909683E-002
   1.0000000000000000E-002   4.4231042743588826E-003
   1.0000000000000000E-002   2.5476515713675121E-003
   1.0000000000000000E-002   9.8121302572580504E-003
   1.0000000000000000E-002   5.9070080701271654E-003
   1.0000000000000000E-002   1.2077076902308706E-003
   1.0000000000000000E-002   1.2607975727042598E-003
   1.0000000000000000E-002   9.9188637417832008E-003
   1.0000000000000000E-002   1.7276294419950259E-003
   1.0000000000000000E-002  -6.2934438046009121E-003
   1.0000000000000000E-002  -1.7684095570620454E-002
   1.0000000000000000E-002   5.1268140231424623E-003
   1.0000000000000000E-002  -4.2799987298544661E-003
   1.0000000000000000E-002   5.3486546717764595E-003
   1.0000000000000000E-002   1.2211401079271983E-002
   1.0000000000000000E-002   2.0577184655816839E-003
   1.0000000000000000E-002  -4.5553270541254139E-003
   1.0000000000000000E-002   5.4802446305048328E-003
   1.0000000000000000E-002  -2.0432359637968307E-004
   1.0000000000000000E-002   4.7898963256981933E-003
   1.0000000000000000E-002   1.1719385144304159E-002
   1.0000000000000000E-002  -3.1930103665315673E-003
   1.0000000000000000E-002  -6.2513638437651934E-003
   1.0000000000000000E-002   6.6696281815544246E-003
   1.0000000000000000E-002  -1.2014554304909887E-002
   1.0000000000000000E-002  -1.4399534163086050E-002
   1.0000000000000000E-002   1.8009498871144718E-002
   1.0000000000000000E-002   1.3159119794442548E-003
   1.0000000000000000E-002   6.7561944945797141E-003
   1.0000000000000000E-002   2.1052814009967823E-003
   1.0000000000000000E-002   5.7104530277437282E-003
   1.0000000000000000E-002  -1.0838309879201764E-002
   1.0000000000000000E-002   4.6437166409029288E-003
   1.0000000000000000E-002   1.1394049531516357E-002
   2.9999999999999999E-002  -1.8234474593664879E-003
   2.9999999999999999E-002   8.3288732989634968E-003
   2.9999999999999999E-002   1.0758450884088911E-003
   2.9999999999999999E-002  -1.8384849797349631E-003
   2.9999999999999999E-002   3.4512960759082566E-003
   2.9999999999999999E-002  -4.4022694929474453E-003
   2.9999999999999999E-002   5.2725505381401904E-003
   2.9999999999999999E-002   6.1703712123949749E-003
   2.9999999999999999E-002  -1.3618129468937843E-002
   2.9999999999999999E-002   5.1526417230533224E-003
   2.9999999999999999E-002   1.5991774628210716E-003
   2.9999999999999999E-002   3.8620975185985999E-003
   2.9999999999999999E-002   7.2529206181603870E-003
   2.9999999999999999E-002   4.9469769845098882E-003
   2.9999999999999999E-002  -7.5202823840630790E-004
   2.9999999999999999E-002   1.2017721911411739E-003
   2.9999999999999999E-002  -8.9892582814466125E-003
   2.9999999999999999E-002   9.4924154046777190E-003
   2.9999999999999999E-002   8.8839209553746318E-003
   2.9999999999999999E-002  -5.0450709228211463E-003
   2.9999999999999999E-002  -5.9472389762369902E-003
   2.9999999999999999E-002  -2.2898594971141411E-003
   2.9999999999999999E-002   7.2161933832738910E-003
   2.9999999999999999E-002   2.4903033358495748E-003
   2.9999999999999999E-002   9.7253698751286841E-003
   2.9999999999999999E-002  -4.5610214453672240E-005
   2.9999999999999999E-002  -7.0184341186655596E-003
   2.9999999999999999E-002  -5.7317661499758435E-003
   2.9999999999999999E-002  -2.4634491090381094E-004
   2.9999999999999999E-002   5.4407033786171202E-003
   2.9999999999999999E-002   2.8006164435898299E-003
   2.9999999999999999E-002   1.4621165722368682E-002
   2.9999999999999999E-002  -5.3801390321924457E-003
   2.9999999999999999E-002  -8.0178008746066825E-003
   2.9999999999999999E-002   7.5387125794866968E-003
   2.9999999999999999E-002   1.0180794925898571E-002
   2.9999999999999999E-002  -8.6507055834594273E-004
   2.9999999999999999E-002   8.5406758856624784E-003
   2.9999999999999999E-002   6.8808842972632204E-003
   2.9999999999999999E-002  -5.1073696508881087E-004
   2.9999999999999999E-002  -3.1932338868517897E-003
   2.9999999999999999E-002   1.7021597321662107E-003
   2.9999999999999999E-002  -3.5010183424836458E-004
   2.9999999999999999E-002   1.2723929459813668E-002
   2.9999999999999999E-002   4.4704008353157916E-003
   2.9999999999999999E-002   2.8800861122207666E-003
   2.9999999999999999E-002   1.4917170020531951E-003
   2.9999999999999999E-002  -1.1842768439079009E-002
   2.9999999999999999E-002   9.5267587891632224E-003
   2.9999999999999999E-002  -6.0674678339227061E-003
   2.9999999999999999E-002   6.0106920823529229E-003
   2.9999999999999999E-002   4.5690782567884690E-004
   2.9999999999999999E-002  -6.6493904296582819E-003
   2.9999999999999999E-002  -6.4090556100974225E-003
   2.9999999999999999E-002   1.5915667881249280E-002
   2.9999999999999999E-002  -8.1633859178951960E-003
   2.9999999999999999E-002   3.6736873708955492E-003
   2.9999999999999999E-002  -7.2099682478148405E-003
   2.9999999999999999E-002   1.6747009377992922E-002
   2.9999999999999999E-002   1.6229834529498774E-003
   2.9999999999999999E-002  -1.2687548859853744E-002
   2.9999999999999999E-002   1.1115592938365244E-002
   2.9999999999999999E-002   6.6123437356902072E-003
   2.9999999999999999E-002   6.3216733337464973E-003
   5.0000000000000003E-002  -7.4601784227937120E-003
   5.0000000000000003E-002   3.3762778971416691E-003
   5.0000000000000003E-002   2.0163560561787818E-002
   5.0000000000000003E-002   1.5510366151753432E-002
   5.0000000000000003E-002  -5.9644725577854682E-003
   5.0000000000000003E-002  -7.8141071470590826E-003
   5.0000000000000003E-002  -8.2841329286562019E-003
   5.0000000000000003E-002  -5.6259927814279465E-003
   5.0000000000000003E-002   2.5200568712294208E-003
   5.0000000000000003E-002  -2.7124399518999639E-003
   5.0000000000000003E-002  -1.4945841529659235E-003
   5.0000000000000003E-002   8.9416033441673797E-003
   5.0000000000000003E-002  -5.4187004331057373E-003
   5.0000000000000003E-002  -8.2638842393373928E-003
   5.0000000000000003E-002   1.1284667453353350E-002
   5.0000000000000003E-002   1.3390837064780774E-002
   5.0000000000000003E-002   6.5454972780392331E-003
   5.0000000000000003E-002   2.1162483301766784E-002
   5.0000000000000003E-002  -5.2027215098783483E-003
   5.0000000000000003E-002   4.3445162919566729E-003
   5.0000000000000003E-002  -6.8967655100279045E-003
   5.0000000000000003E-002  -7.3455641108199597E-003
   5.0000000000000003E-002  -5.9197242432038723E-003
   5.0000000000000003E-002   6.6610395457554752E-003
   5.0000000000000003E-002  -2.6715018821427522E-003
   5.0000000000000003E-002   7.6023465131255961E-003
   5.0000000000000003E-002   2.4755617661853854E-003
   5.0000000000000003E-002   7.2286165383097581E-003
   5.0000000000000003E-002   8.8134013193080438E-003
   5.0000000000000003E-002   2.2804889037718202E-003
   5.0000000000000003E-002  -4.6014997786404596E-003
   5.0000000000000003E-002   1.5135692704523593E-002
   5.0000000000000003E-002   1.5539541086478779E-002
   5.0000000000000003E-002   1.3235988270129156E-002
   5.0000000000000003E-002   7.9945403295922004E-003
   5.0000000000000003E-002  -3.9993634386866215E-003
   5.0000000000000003E-002  -4.6901813922310808E-003
   5.0000000000000003E-002  -1.7526035286389229E-003
   5.0000000000000003E-002  -1.3762271686885300E-003
   5.0000000000000003E-002   2.9166744953481351E-003
   5.0000000000000003E-002   1.4013335248751297E-002
   5.0000000000000003E-002   7.9772755531215371E-003
   5.0000000000000003E-002   4.7392907635542278E-003
   5.0000000000000003E-002   2.3854996709004185E-002
   5.0000000000000003E-002  -6.5670537825932686E-003
   5.0000000000000003E-002  -8.9256574921363317E-003
   5.0000000000000003E-002   7.1734520578353791E-003
   5.0000000000000003E-002  -1.1987996151156058E-003
   5.0000000000000003E-002   1.1913262329116887E-002
   5.0000000000000003E-002  -1.2707766387003423E-002
   5.0000000000000003E-002   7.7259455907986094E-003
   5.0000000000000003E-002   1.2686390703533676E-002
   5.0000000000000003E-002   2.2201517240753093E-003
   5.0000000000000003E-002   2.0365696936592674E-002
   5.0000000000000003E-002   8.1424016055027301E-003
   5.0000000000000003E-002  -3.5744827256070002E-003
   5.0000000000000003E-002   1.7097387567499289E-002
   5.0000000000000003E-002   3.7900705012898768E-003
   5.0000000000000003E-002   1.1933578781566503E-002
   5.0000000000000003E-002  -1.5941502906157712E-003
   5.0000000000000003E-002   1.1436065626268614E-002
   5.0000000000000003E-002  -9.6259320946416246E-003
   5.0000000000000003E-002   4.3946935685212239E-003
   5.0000000000000003E-002   9.4184945199879966E-003
  0.10000000000000001       -6.2835566447876122E-003
  0.10000000000000001        1.3530258814655617E-002
  0.10000000000000001       -2.3661107357252718E-003
  0.10000000000000001       -3.2389133448702994E-003
  0.10000000000000001        8.2335867490527220E-003
  0.10000000000000001        1.2897439435636593E-002
  0.10000000000000001        2.0123991053976088E-002
  0.10000000000000001        1.3219982279853305E-002
  0.10000000000000001        8.2371208980680250E-003
  0.10000000000000001        9.7823595157537566E-003
  0.10000000000000001        2.0525930069727506E-002
  0.10000000000000001        1.2453657046830461E-002
  0.10000000000000001        1.5774871715930866E-002
  0.10000000000000001        1.1218460454988683E-002
  0.10000000000000001        4.1956846096716377E-003
  0.10000000000000001        1.1885912488021738E-002
  0.10000000000000001        1.2423061932121268E-002
  0.10000000000000001        4.2630923578786516E-003
  0.10000000000000001        7.4965704605379178E-003
  0.10000000000000001        1.2666751379026366E-002
  0.10000000000000001       -4.0171466957534326E-004
  0.10000000000000001       -8.2903873678278062E-003
  0.10000000000000001        1.2043529245723449E-002
  0.10000000000000001        1.5276687078092943E-003
  0.10000000000000001        6.6416966362858772E-003
  0.10000000000000001        1.0909520345912289E-002
  0.10000000000000001        2.3411500715378109E-002
  0.10000000000000001        1.4577315577489335E-002
  0.10000000000000001        8.7319924556160042E-003
  0.10000000000000001       -1.0977257551754892E-002
  0.10000000000000001        1.9684640993544084E-002
  0.10000000000000001        3.9700398850327006E-004
  0.10000000000000001       -5.7160163803787424E-003
  0.10000000000000001        1.1136354091187827E-002
  0.10000000000000001        2.2636918741311379E-002
  0.10000000000000001        6.3370974979633484E-003
  0.10000000000000001        1.5492065936344461E-002
  0.10000000000000001        2.2951027195216051E-002
  0.10000000000000001        9.7507049542360086E-003
  0.10000000000000001        1.2914595411263108E-002
  0.10000000000000001        1.9812278318117015E-002
  0.10000000000000001        1.9671359747830717E-002
  0.10000000000000001        1.5342665638987653E-002
  0.10000000000000001        1.2668164406408064E-002
  0.10000000000000001        3.8182482772406193E-005
  0.10000000000000001       -4.1086889748188924E-003
  0.10000000000000001        2.0244531988749866E-002
  0.10000000000000001        4.2980524937360730E-003
  0.10000000000000001        1.0266021754437216E-002
  0.10000000000000001        2.4484102925101288E-003
  0.10000000000000001        1.1078473067725225E-002
  0.10000000000000001        2.5084395936574154E-002
  0.10000000000000001       -1.3628821517667636E-003
  0.10000000000000001        5.6083698570386252E-003
  0.10000000000000001        2.4615569158853486E-002
  0.10000000000000001       -4.4955806580370882E-003
  0.10000000000000001        3.0121987682980012E-002
  0.10000000000000001       -9.1099516840802998E-004
  0.10000000000000001        5.8060289434471411E-003
  0.10000000000000001        1.2443219399047949E-002
  0.10000000000000001        4.8617397555445925E-003
  0.10000000000000001        4.3713826281085557E-003
  0.10000000000000001        9.5582795266094950E-003
  0.10000000000000001       -2.2943022122550354E-003
  0.29999999999999999        1.5218685784517768E-002
  0.29999999999999999        4.6886284812609228E-003
  0.29999999999999999        1.0836522679189820E-002
  0.29999999999999999        2.9052295287348810E-002
  0.29999999999999999        1.2263238058126185E-002
  0.29999999999999999        3.2726385409496045E-002
  0.29999999999999999        4.2362432705025536E-002
  0.29999999999999999        1.6338612776082215E-002
  0.29999999999999999        5.2418143529526319E-002
  0.29999999999999999        2.1050800110740897E-002
  0.29999999999999999        1.9744388312498532E-002
  0.29999999999999999        1.7873897422455383E-002
  0.29999999999999999        2.9614086082039765E-002
  0.29999999999999999        1.9716048895513649E-002
  0.29999999999999999        2.6116368651828325E-002
  0.29999999999999999        2.6273291862520812E-002
  0.29999999999999999        3.4354416574853108E-002
  0.29999999999999999        2.7366870860584216E-002
  0.29999999999999999        2.6735832591422405E-002
  0.29999999999999999        2.1350750229283063E-002
  0.29999999999999999        7.5284422726922418E-003
  0.29999999999999999        1.9867663439458172E-002
  0.29999999999999999        2.0737626840661143E-002
  0.29999999999999999        2.0297094392664770E-002
  0.29999999999999999        2.2157659505675546E-002
  0.29999999999999999        2.0923482131647998E-002
  0.29999999999999999        2.8594082652039811E-002
  0.29999999999999999        6.1295733384022768E-003
  0.29999999999999999        2.8114656067971436E-002
  0.29999999999999999        3.7553393750680786E-002
  0.29999999999999999        2.0465744732256326E-002
  0.29999999999999999        3.5875516220406620E-002
  0.29999999999999999        2.2191174075014683E-002
  0.29999999999999999        3.0009408039444942E-002
  0.29999999999999999        3.1605558604926337E-002
  0.29999999999999999        2.6831681467385696E-002
  0.29999999999999999        3.5124624010590522E-002
  0.29999999999999999        1.3757338835579383E-002
  0.29999999999999999        3.3630252060069227E-002
  0.29999999999999999        2.8091806019055348E-002
  0.29999999999999999        2.6255338445677633E-002
  0.29999999999999999        3.5140027428555792E-002
  0.29999999999999999        1.8264037082027600E-002
  0.29999999999999999        3.5575222888854820E-002
  0.29999999999999999        3.4733104796420361E-002
  0.29999999999999999        2.0024054277799620E-002
  0.29999999999999999        2.8181689598678526E-002
  0.29999999999999999        3.7556283804248913E-002
  0.29999999999999999        2.2147023311451321E-002
  0.29999999999999999        3.4528841290322312E-002
  0.29999999999999999        2.4672971284830300E-002
  0.29999999999999999        3.2025109933711125E-002
  0.29999999999999999        5.8968014581420036E-003
  0.29999999999999999        3.0316868113793478E-002
  0.29999999999999999        5.1499119064317957E-002
  0.29999999999999999        1.3215610003723345E-002
  0.29999999999999999        1.9451193071365506E-002
  0.29999999999999999        1.6513514439366536E-002
  0.29999999999999999        2.9018349067180736E-002
  0.29999999999999999        1.6574263383186627E-002
  0.29999999999999999        1.2662674863538755E-002
  0.29999999999999999        1.3482017519951825E-002
  0.29999999999999999        2.3804054759593983E-002
  0.29999999999999999        2.1038873368471180E-002
  0.50000000000000000        2.9971438151800780E-002
  0.50000000000000000        4.0274726475212984E-002
  0.50000000000000000        5.2331354033165016E-002
  0.50000000000000000        3.9276621335481897E-002
  0.50000000000000000        3.8784366290380699E-002
  0.50000000000000000        5.6091276135646524E-002
  0.50000000000000000        7.8686788066034977E-002
  0.50000000000000000        5.8621192583244032E-002
  0.50000000000000000        5.3417626966432014E-002
  0.50000000000000000        4.7342311729457763E-002
  0.50000000000000000        3.6744062499851876E-002
  0.50000000000000000        3.0065004440777227E-002
  0.50000000000000000        4.3123472363862249E-002
  0.50000000000000000        4.2299152902740236E-002
  0.50000000000000000        5.5417603300877978E-002
  0.50000000000000000        4.9355459574306780E-002
  0.50000000000000000        5.1079671242407948E-002
  0.50000000000000000        5.7557795416780466E-002
  0.50000000000000000        4.7510687992640091E-002
  0.50000000000000000        4.9855188873188495E-002
  0.50000000000000000        4.6861113263862934E-002
  0.50000000000000000        3.5581403696251936E-002
  0.50000000000000000        2.4618937523472370E-002
  0.50000000000000000        2.7221211316532084E-002
  0.50000000000000000        5.8398559167437802E-002
  0.50000000000000000        4.3434589435125473E-002
  0.50000000000000000        4.6164235988179675E-002
  0.50000000000000000        4.4893554096210583E-002
  0.50000000000000000        4.5183674481705856E-002
  0.50000000000000000        4.3837630957114897E-002
  0.50000000000000000        5.6963310433148361E-002
  0.50000000000000000        4.4771205945782100E-002
  0.50000000000000000        4.2888553842188808E-002
  0.50000000000000000        4.2472460213576257E-002
  0.50000000000000000        6.3194943788833877E-002
  0.50000000000000000        4.8534351899877440E-002
  0.50000000000000000        4.1712160739164207E-002
  0.50000000000000000        4.9502068599111396E-002
  0.50000000000000000        5.1567205860514193E-002
  0.50000000000000000        3.2234593716479187E-002
  0.50000000000000000        4.2772174567820127E-002
  0.50000000000000000        6.4567875687951803E-002
  0.50000000000000000        3.3592771177889787E-002
  0.50000000000000000        4.2112179321572220E-002
  0.50000000000000000        5.1523823982092730E-002
  0.50000000000000000        3.7038875275842431E-002
  0.50000000000000000        4.8412209462328555E-002
  0.50000000000000000        4.2795834516298120E-002
  0.50000000000000000        4.3051501470438465E-002
  0.50000000000000000        3.1475102065283027E-002
  0.50000000000000000        4.4415959318119667E-002
  0.50000000000000000        5.9046084630913105E-002
  0.50000000000000000        3.4680410706974925E-002
  0.50000000000000000        5.3292471745940234E-002
  0.50000000000000000        4.7916465292157005E-002
  0.50000000000000000        2.4746599399106849E-002
  0.50000000000000000        5.6420280721530727E-002
  0.50000000000000000        3.5898764342967807E-002
  0.50000000000000000        5.4360264747576686E-002
  0.50000000000000000        4.5585004085266168E-002
  0.50000000000000000        4.2282081820147567E-002
  0.50000000000000000        5.9817507525449620E-002
  0.50000000000000000        4.5062770564998848E-002
  0.50000000000000000        4.6136516099066653E-002
  0.69999999999999996        8.0195975906439898E-002
  0.69999999999999996        5.3119497585817292E-002
  0.69999999999999996        8.2827699957385995E-002
  0.69999999999999996        8.5184857592747770E-002
  0.69999999999999996        8.6772910912024659E-002
  0.69999999999999996       0.10222103713697139     
  0.69999999999999996        9.7110847631343131E-002
  0.69999999999999996        7.9436375871381429E-002
  0.69999999999999996        8.7538406632134858E-002
  0.69999999999999996        8.5425047034470403E-002
  0.69999999999999996        6.5324043817738403E-002
  0.69999999999999996       0.10382864213093594     
  0.69999999999999996        6.6069176404816868E-002
  0.69999999999999996        5.7591078508319037E-002
  0.69999999999999996        9.3695311090540634E-002
  0.69999999999999996        6.9988260376647127E-002
  0.69999999999999996        6.5500497734177654E-002
  0.69999999999999996       0.10431519388007665     
  0.69999999999999996        4.9273371830100034E-002
  0.69999999999999996        9.9219178166625482E-002
  0.69999999999999996       0.12013691592454237     
  0.69999999999999996        8.2630138220422630E-002
  0.69999999999999996        7.0468602382924836E-002
  0.69999999999999996        6.5219902401024626E-002
  0.69999999999999996        6.4576131635946235E-002
  0.69999999999999996        7.4410439458209077E-002
  0.69999999999999996        9.0844940819361314E-002
  0.69999999999999996        7.6406755025340695E-002
  0.69999999999999996       0.10714771258592651     
  0.69999999999999996        6.3822800625998863E-002
  0.69999999999999996        8.0847493102805146E-002
  0.69999999999999996        9.5043987061385254E-002
  0.69999999999999996        7.8717634240100615E-002
  0.69999999999999996        8.6849585603886906E-002
  0.69999999999999996        6.0703466911583438E-002
  0.69999999999999996        4.7196514813134097E-002
  0.69999999999999996       0.11063931654825947     
  0.69999999999999996        6.0792764525452098E-002
  0.69999999999999996        8.2189182274046771E-002
  0.69999999999999996        6.5664920119737291E-002
  0.69999999999999996        9.9470163530404318E-002
  0.69999999999999996        7.0143190478805809E-002
  0.69999999999999996        6.2702390689950468E-002
  0.69999999999999996        8.6489216900923829E-002
  0.69999999999999996        8.6298164995891713E-002
  0.69999999999999996        8.7245624710772407E-002
  0.69999999999999996        6.0201443825889267E-002
  0.69999999999999996        6.2172732823758362E-002
  0.69999999999999996        9.0725158122302474E-002
  0.69999999999999996        7.6209415763084223E-002
  0.69999999999999996        6.3389954586909061E-002
  0.69999999999999996        9.4191454682083009E-002
  0.69999999999999996        5.6903188965447181E-002
  0.69999999999999996        8.2862726891857738E-002
  0.69999999999999996        6.6559250941923276E-002
  0.69999999999999996        5.8580360392042723E-002
  0.69999999999999996        7.3478689682048348E-002
  0.69999999999999996        5.4438910674414816E-002
  0.69999999999999996        7.2851671444876809E-002
  0.69999999999999996        4.9015937775268387E-002
  0.69999999999999996       0.10527286452841880     
  0.69999999999999996        6.2718223892424665E-002
  0.69999999999999996        5.3407619600378375E-002
  0.69999999999999996        7.9698206103385724E-002
   1.0000000000000000       0.15060451271047132     
   1.0000000000000000       0.12325483073773594     
   1.0000000000000000       0.11530164748056146     
   1.0000000000000000       0.12770313486307919     
   1.0000000000000000       0.13097359960451477     
   1.0000000000000000       0.13529889058228542     
   1.0000000000000000       0.14340415811492754     
   1.0000000000000000       0.12575080474803463     
   1.0000000000000000       0.11958525300467927     
   1.0000000000000000       0.11995228395953234     
   1.0000000000000000        8.9779205680531687E-002
   1.0000000000000000        9.8988686357073696E-002
   1.0000000000000000       0.17106090679407063     
   1.0000000000000000       0.11966079462793404     
   1.0000000000000000       0.14067738651624240     
   1.0000000000000000       0.12399558791268532     
   1.0000000000000000       0.11722269622317738     
   1.0000000000000000        8.8911312320234567E-002
   1.0000000000000000       0.12891659523017754     
   1.0000000000000000       0.15492971905319419     
   1.0000000000000000       0.10199265161331333     
   1.0000000000000000       0.11248596463806032     
   1.0000000000000000       0.11016601239591259     
   1.0000000000000000       0.11151423885293583     
   1.0000000000000000       0.11760386382793776     
   1.0000000000000000       0.13064565482448473     
   1.0000000000000000       0.14198022260235604     
   1.0000000000000000       0.10105550337094593     
   1.0000000000000000       0.12278983790320341     
   1.0000000000000000       0.12429355781878987     
   1.0000000000000000       0.13120519427252647     
   1.0000000000000000       0.10786717697901446     
   1.0000000000000000       0.10273226421172650     
   1.0000000000000000       0.13691398058858195     
   1.0000000000000000        9.1385394400113992E-002
   1.0000000000000000        8.9668542887010261E-002
   1.0000000000000000       0.10649864603480370     
   1.0000000000000000       0.13973100812605710     
   1.0000000000000000       0.12751169118911582     
   1.0000000000000000        9.9885371138932422E-002
   1.0000000000000000       0.14314573848422524     
   1.0000000000000000       0.15471467687255955     
   1.0000000000000000       0.12911968529560910     
   1.0000000000000000       0.13012332466328619     
   1.0000000000000000       0.17428959948663053     
   1.0000000000000000        9.7100787593501006E-002
   1.0000000000000000        8.6694542774794450E-002
   1.0000000000000000       0.11734690562017314     
   1.0000000000000000       0.11115824285919851     
   1.0000000000000000       0.10363285658920297     
   1.0000000000000000       0.12864086955658138     
   1.0000000000000000       0.15878074448001667     
   1.0000000000000000        9.3478028061727503E-002
   1.0000000000000000       0.12042769419006237     
   1.0000000000000000       0.13770993196546624     
   1.0000000000000000       0.10495519237304807     
   1.0000000000000000       0.14976383787857109     
   1.0000000000000000       0.10606673120943291     
   1.0000000000000000       0.12226363596869495     
   1.0000000000000000       0.11493412070806969     
   1.0000000000000000       0.11720290718629225     
   1.0000000000000000       0.13601201757166453     
   1.0000000000000000       0.12617115328788034     
   1.0000000000000000       0.12399186736621048     
   1.5000000000000000       0.23459638214327949     
   1.5000000000000000       0.21139460968105450     
   1.5000000000000000       0.26828543878794175     
   1.5000000000000000       0.23270160442774671     
   1.5000000000000000       0.26289399824055115     
   1.5000000000000000       0.24790282460881449     
   1.5000000000000000       0.20995670082756684     
   1.5000000000000000       0.25412731765385177     
   1.5000000000000000       0.24745868723382125     
   1.5000000000000000       0.26578149114646621     
   1.5000000000000000       0.21632098856226270     
   1.5000000000000000       0.21617379956236171     
   1.5000000000000000       0.26176957287844699     
   1.5000000000000000       0.21785439810386870     
   1.5000000000000000       0.23466217135322381     
   1.5000000000000000       0.21987218582862897     
   1.5000000000000000       0.27354687592162763     
   1.5000000000000000       0.23355379544605495     
   1.5000000000000000       0.21202445078281498     
   1.5000000000000000       0.26082309194360748     
   1.5000000000000000       0.22183181689833631     
   1.5000000000000000       0.25174450278247706     
   1.5000000000000000       0.23743948361285785     
   1.5000000000000000       0.22096540125318417     
   1.5000000000000000       0.27131308871955240     
   1.5000000000000000       0.20247395311649830     
   1.5000000000000000       0.24837211181360519     
   1.5000000000000000       0.23209241848213860     
   1.5000000000000000       0.27682902488443101     
   1.5000000000000000       0.23885299857863646     
   1.5000000000000000       0.20594926930558799     
   1.5000000000000000       0.22552019468545376     
   1.5000000000000000       0.21361366375818938     
   1.5000000000000000       0.20400004092066581     
   1.5000000000000000       0.21963172522735749     
   1.5000000000000000       0.24271038440290546     
   1.5000000000000000       0.24825566621505468     
   1.5000000000000000       0.22813743946681775     
   1.5000000000000000       0.23554435083796438     
   1.5000000000000000       0.23480006545598570     
   1.5000000000000000       0.23456143589716319     
   1.5000000000000000       0.26052676230734478     
   1.5000000000000000       0.23051031621244816     
   1.5000000000000000       0.27338341624541729     
   1.5000000000000000       0.27665616248994579     
   1.5000000000000000       0.25865211910641661     
   1.5000000000000000       0.22157186559890607     
   1.5000000000000000       0.22784670767574278     
   1.5000000000000000       0.23857485090706634     
   1.5000000000000000       0.23513024649477682     
   1.5000000000000000       0.23223300178119144     
   1.5000000000000000       0.21967360078098008     
   1.5000000000000000       0.27976619989457219     
   1.5000000000000000       0.24777309151272495     
   1.5000000000000000       0.25450005493124311     
   1.5000000000000000       0.19463748667269506     
   1.5000000000000000       0.26612379887119780     
   1.5000000000000000       0.22318898315250696     
   1.5000000000000000       0.23023814488336045     
   1.5000000000000000       0.23977709458671864     
   1.5000000000000000       0.22486564882083193     
   1.5000000000000000       0.23802723592686156     
   1.5000000000000000       0.24523121211751142     
   1.5000000000000000       0.25495856267559741     
   2.0000000000000000       0.32958238102269938     
   2.0000000000000000       0.37497297829713916     
   2.0000000000000000       0.38584274068695434     
   2.0000000000000000       0.34720611103276883     
   2.0000000000000000       0.35966295291470618     
   2.0000000000000000       0.42599716144774469     
   2.0000000000000000       0.38370576969409287     
   2.0000000000000000       0.37998650016765601     
   2.0000000000000000       0.42330961602530054     
   2.0000000000000000       0.39369535472676892     
   2.0000000000000000       0.39972546754832100     
   2.0000000000000000       0.38053574007661511     
   2.0000000000000000       0.37703587256690801     
   2.0000000000000000       0.38098838594627615     
   2.0000000000000000       0.43082852551941714     
   2.0000000000000000       0.34176488249286996     
   2.0000000000000000       0.40421133580557578     
   2.0000000000000000       0.42470294727008162     
   2.0000000000000000       0.38342955121477851     
   2.0000000000000000       0.35872668498325644     
   2.0000000000000000       0.31242809227648927     
   2.0000000000000000       0.34699424252358002     
   2.0000000000000000       0.34345933834376102     
   2.0000000000000000       0.41815441483350702     
   2.0000000000000000       0.37277173240916200     
   2.0000000000000000       0.36807723680822141     
   2.0000000000000000       0.41248788710623513     
   2.0000000000000000       0.36945404962784556     
   2.0000000000000000       0.36736602541494456     
   2.0000000000000000       0.37404961718873508     
   2.0000000000000000       0.35920394613644030     
   2.0000000000000000       0.40175182889551897     
   2.0000000000000000       0.39508224254650914     
   2.0000000000000000       0.38591079866737593     
   2.0000000000000000       0.33582855970917441     
   2.0000000000000000       0.35334828847001853     
   2.0000000000000000       0.39910834089154951     
   2.0000000000000000       0.39567533894251056     
   2.0000000000000000       0.39928398378177010     
   2.0000000000000000       0.33987035594541604     
   2.0000000000000000       0.39568191217682946     
   2.0000000000000000       0.35108335019825743     
   2.0000000000000000       0.36931581783924439     
   2.0000000000000000       0.37982779930141819     
   2.0000000000000000       0.36010784132660384     
   2.0000000000000000       0.36422579077960121     
   2.0000000000000000       0.39623564472490647     
   2.0000000000000000       0.34354183294868607     
   2.0000000000000000       0.34611635876062635     
   2.0000000000000000       0.38288579915252929     
   2.0000000000000000       0.33995394519388777     
   2.0000000000000000       0.40793069894884221     
   2.0000000000000000       0.36179478349623773     
   2.0000000000000000       0.39041754146007612     
   2.0000000000000000       0.38021425491645755     
   2.0000000000000000       0.29707142421041999     
   2.0000000000000000       0.38221199993587901     
   2.0000000000000000       0.34294411707278633     
   2.0000000000000000       0.35903086640667664     
   2.0000000000000000       0.34262757672123029     
   2.0000000000000000       0.37192822411104876     
   2.0000000000000000       0.35626462646350082     
   2.0000000000000000       0.34601809893890212     
   2.0000000000000000       0.37553222791865948     
   2.5000000000000000       0.54350772310804840     
   2.5000000000000000       0.50053586929380611     
   2.5000000000000000       0.53019606938508557     
   2.5000000000000000       0.54635660081000925     
   2.5000000000000000       0.51807984069843394     
   2.5000000000000000       0.58155387494966204     
   2.5000000000000000       0.58096876677419240     
   2.5000000000000000       0.54734934530216439     
   2.5000000000000000       0.55863148092230841     
   2.5000000000000000       0.50635342534903627     
   2.5000000000000000       0.51466031417812852     
   2.5000000000000000       0.55439369541698491     
   2.5000000000000000       0.53063549446940794     
   2.5000000000000000       0.50619652013827621     
   2.5000000000000000       0.60098833098464055     
   2.5000000000000000       0.53427675631640470     
   2.5000000000000000       0.59018379648121266     
   2.5000000000000000       0.56974061588509184     
   2.5000000000000000       0.50310620530139072     
   2.5000000000000000       0.50904130968853811     
   2.5000000000000000       0.51915265042937075     
   2.5000000000000000       0.56890355551134075     
   2.5000000000000000       0.52391849004682700     
   2.5000000000000000       0.56877166165821824     
   2.5000000000000000       0.54442574896364138     
   2.5000000000000000       0.56082189713870934     
   2.5000000000000000       0.57117450154343030     
   2.5000000000000000       0.49996847098567826     
   2.5000000000000000       0.59385412827414275     
   2.5000000000000000       0.56358150549229480     
   2.5000000000000000       0.56532703323709521     
   2.5000000000000000       0.52138740371181092     
   2.5000000000000000       0.52449888847804016     
   2.5000000000000000       0.52757532277810670     
   2.5000000000000000       0.55068375201186870     
   2.5000000000000000       0.50946416535019734     
   2.5000000000000000       0.56588975602335512     
   2.5000000000000000       0.56763603864947187     
   2.5000000000000000       0.56313933504134139     
   2.5000000000000000       0.52137746003579355     
   2.5000000000000000       0.52430314801297118     
   2.5000000000000000       0.49408056220545987     
   2.5000000000000000       0.57817672791333208     
   2.5000000000000000       0.50930192391703999     
   2.5000000000000000       0.54280886087083524     
   2.5000000000000000       0.55089055822661626     
   2.5000000000000000       0.51946884175186814     
   2.5000000000000000       0.53644534845969882     
   2.5000000000000000       0.54684055132587783     
   2.5000000000000000       0.54598751141495327     
   2.5000000000000000       0.53907151178960733     
   2.5000000000000000       0.54815303738461163     
   2.5000000000000000       0.51179272934939724     
   2.5000000000000000       0.50091332729095317     
   2.5000000000000000       0.52238191989353810     
   2.5000000000000000       0.51267581428905151     
   2.5000000000000000       0.58334304164828477     
   2.5000000000000000       0.52794008424520866     
   2.5000000000000000       0.53853237924638520     
   2.5000000000000000       0.56033397575710986     
   2.5000000000000000       0.51490179339534881     
   2.5000000000000000       0.50927510279828325     
   2.5000000000000000       0.52218194405324170     
   2.5000000000000000       0.52240188473295979     
   3.0000000000000000       0.64977433550162611     
   3.0000000000000000       0.71157093558108653     
   3.0000000000000000       0.76911182101473419     
   3.0000000000000000       0.71482668374345371     
   3.0000000000000000       0.68138583261648800     
   3.0000000000000000       0.75657285244855965     
   3.0000000000000000       0.69495848566008833     
   3.0000000000000000       0.68309601661719666     
   3.0000000000000000       0.76347583133631236     
   3.0000000000000000       0.67766030966934376     
   3.0000000000000000       0.69189676563629077     
   3.0000000000000000       0.72749042509798800     
   3.0000000000000000       0.67545680381291018     
   3.0000000000000000       0.73863407252694246     
   3.0000000000000000       0.78176750162839481     
   3.0000000000000000       0.79131263093602644     
   3.0000000000000000       0.73125944532154763     
   3.0000000000000000       0.76986061150213925     
   3.0000000000000000       0.70547365301558285     
   3.0000000000000000       0.73025966067445924     
   3.0000000000000000       0.70291877250475077     
   3.0000000000000000       0.68958740147664022     
   3.0000000000000000       0.69757309500663767     
   3.0000000000000000       0.74750920536080867     
   3.0000000000000000       0.77769350778985025     
   3.0000000000000000       0.76895051608278209     
   3.0000000000000000       0.76037817896351312     
   3.0000000000000000       0.74407941168706737     
   3.0000000000000000       0.69226452416807871     
   3.0000000000000000       0.77409317627062790     
   3.0000000000000000       0.70008095696324935     
   3.0000000000000000       0.78490072575656133     
   3.0000000000000000       0.71153212548529254     
   3.0000000000000000       0.74919933954776285     
   3.0000000000000000       0.75840685250460849     
   3.0000000000000000       0.74093273743473465     
   3.0000000000000000       0.68666840070118129     
   3.0000000000000000       0.78734533674562812     
   3.0000000000000000       0.76066844203239536     
   3.0000000000000000       0.70836751372384510     
   3.0000000000000000       0.69303734554147878     
   3.0000000000000000       0.76300850506492257     
   3.0000000000000000       0.67478607352247277     
   3.0000000000000000       0.71268062093291829     
   3.0000000000000000       0.74109282831202539     
   3.0000000000000000       0.71051404627180348     
   3.0000000000000000       0.75657997803816057     
   3.0000000000000000       0.70189890842881864     
   3.0000000000000000       0.71472812873779046     
   3.0000000000000000       0.70186201932493131     
   3.0000000000000000       0.72853088107176334     
   3.0000000000000000       0.70277306238376047     
   3.0000000000000000       0.72497547322536282     
   3.0000000000000000       0.75182242212527062     
   3.0000000000000000       0.82375284422241668     
   3.0000000000000000       0.65607090713414307     
   3.0000000000000000       0.74395130828776090     
   3.0000000000000000       0.77890296596649189     
   3.0000000000000000       0.76169012061800345     
   3.0000000000000000       0.78572752718567240     
   3.0000000000000000       0.73048761370103632     
   3.0000000000000000       0.74186475377853878     
   3.0000000000000000       0.70871792197945394     
   3.0000000000000000       0.75159248553873026     
   3.5000000000000000       0.87955916802212752     
   3.5000000000000000       0.92710531504745941     
   3.5000000000000000       0.94093533760560955     
   3.5000000000000000       0.89480780380726055     
   3.5000000000000000       0.93189604014901084     
   3.5000000000000000       0.96846636465028613     
   3.5000000000000000       0.88303511915865474     
   3.5000000000000000       0.86526741327425316     
   3.5000000000000000       0.96605349054006140     
   3.5000000000000000       0.89775674831859931     
   3.5000000000000000       0.92036525289365145     
   3.5000000000000000       0.93445903810637487     
   3.5000000000000000       0.89650755410305893     
   3.5000000000000000       0.91598737982354306     
   3.5000000000000000       0.86749678795003493     
   3.5000000000000000       0.90929907879005323     
   3.5000000000000000       0.99059952898770942     
   3.5000000000000000       0.90454460550386240     
   3.5000000000000000       0.96730676373577296     
   3.5000000000000000       0.85621408632446394     
   3.5000000000000000       0.89986074563509832     
   3.5000000000000000       0.96427926343988335     
   3.5000000000000000       0.91417662738710137     
   3.5000000000000000       0.95142264610021743     
   3.5000000000000000       0.97103485613973417     
   3.5000000000000000       0.95026589988367605     
   3.5000000000000000       0.93248897161741207     
   3.5000000000000000       0.96484878816344055     
   3.5000000000000000       0.89241242091426676     
   3.5000000000000000       0.99832102288003088     
   3.5000000000000000       0.93895763979137936     
   3.5000000000000000       0.94792488967949362     
   3.5000000000000000       0.87885208606070764     
   3.5000000000000000       0.91620897017306513     
   3.5000000000000000       0.90538319316658078     
   3.5000000000000000       0.86458254411508106     
   3.5000000000000000       0.89416081362611510     
   3.5000000000000000       0.95594431987168749     
   3.5000000000000000       0.95473191922330225     
   3.5000000000000000       0.88950558004558222     
   3.5000000000000000       0.89841283719730702     
   3.5000000000000000       0.92257321963593530     
   3.5000000000000000       0.95243662386558470     
   3.5000000000000000       0.91488758924375280     
   3.5000000000000000       0.95708900676997399     
   3.5000000000000000       0.88062873023307264     
   3.5000000000000000       0.91908228438353978     
   3.5000000000000000       0.91713844515467613     
   3.5000000000000000       0.85105308434896088     
   3.5000000000000000       0.83800318527718998     
   3.5000000000000000       0.97405120640577936     
   3.5000000000000000       0.90947893131065460     
   3.5000000000000000       0.98519533125670666     
   3.5000000000000000       0.98784573703703760     
   3.5000000000000000       0.89813929963884476     
   3.5000000000000000       0.83388814898655794     
   3.5000000000000000       0.93182007178608584     
   3.5000000000000000       0.99610524850302395     
   3.5000000000000000       0.88385988138436700     
   3.5000000000000000       0.87661616887086635     
   3.5000000000000000       0.92019754879232840     
   3.5000000000000000       0.91340984920501933     
   3.5000000000000000       0.91643735847922125     
   3.5000000000000000       0.87457089294902868     
   4.0000000000000000        1.0975105493902564     
   4.0000000000000000        1.1545710945240630     
   4.0000000000000000        1.1688778426149111     
   4.0000000000000000        1.1733700599545616     
   4.0000000000000000        1.1224746011518218     
   4.0000000000000000        1.2382440451243351     
   4.0000000000000000        1.2361240292826401     
   4.0000000000000000        1.1164266532432368     
   4.0000000000000000        1.1896890752915537     
   4.0000000000000000        1.2174529503019358     
   4.0000000000000000        1.1480933408488230     
   4.0000000000000000        1.1869987004999354     
   4.0000000000000000        1.0832993976030978     
   4.0000000000000000        1.1314608042306487     
   4.0000000000000000        1.1751569629159564     
   4.0000000000000000        1.1483580441678987     
   4.0000000000000000        1.1228921283664774     
   4.0000000000000000        1.1864814890971791     
   4.0000000000000000        1.1107300959677557     
   4.0000000000000000        1.1166856997128807     
   4.0000000000000000        1.0339991209904822     
   4.0000000000000000        1.1436694375328949     
   4.0000000000000000        1.0745116188859776     
   4.0000000000000000        1.1633801255744960     
   4.0000000000000000        1.1519689744664781     
   4.0000000000000000        1.1345146521362546     
   4.0000000000000000        1.1604094819765722     
   4.0000000000000000        1.0808754087142498     
   4.0000000000000000        1.1937573327135551     
   4.0000000000000000        1.1718688726982016     
   4.0000000000000000        1.1194257011346216     
   4.0000000000000000        1.1680246134853487     
   4.0000000000000000        1.1069259589443186     
   4.0000000000000000        1.2052086916958256     
   4.0000000000000000        1.1426443010517471     
   4.0000000000000000        1.0991759217254093     
   4.0000000000000000        1.0905898774784422     
   4.0000000000000000        1.1936304093965242     
   4.0000000000000000        1.1019063333797205     
   4.0000000000000000        1.1290334507146047     
   4.0000000000000000        1.1805166828334530     
   4.0000000000000000        1.1320306080428937     
   4.0000000000000000        1.2208436392603099     
   4.0000000000000000        1.1209226370587673     
   4.0000000000000000        1.1323690960659201     
   4.0000000000000000        1.1440596497031741     
   4.0000000000000000        1.1037802678288335     
   4.0000000000000000        1.1152553670311387     
   4.0000000000000000        1.0967931709228838     
   4.0000000000000000        1.1070035030243086     
   4.0000000000000000        1.1342172241045692     
   4.0000000000000000        1.0950190129648718     
   4.0000000000000000        1.1937430553645860     
   4.0000000000000000        1.1805296870088235     
   4.0000000000000000        1.1520314627518180     
   4.0000000000000000        1.1436165525708131     
   4.0000000000000000        1.1917543636882744     
   4.0000000000000000        1.0648823811197823     
   4.0000000000000000        1.0841254749693281     
   4.0000000000000000        1.1214232504383665     
   4.0000000000000000        1.1698045935995209     
   4.0000000000000000        1.1541017208313120     
   4.0000000000000000        1.1438575805901436     
   4.0000000000000000        1.0645621595657835     
   4.5000000000000000        1.2677891979576308     
   4.5000000000000000        1.3511963018821742     
   4.5000000000000000        1.3771153174211315     
   4.5000000000000000        1.3675629616361156     
   4.5000000000000000        1.3705825597198973     
   4.5000000000000000        1.3934073299118621     
   4.5000000000000000        1.4031785178294731     
   4.5000000000000000        1.3447916029737681     
   4.5000000000000000        1.3888180955537914     
   4.5000000000000000        1.3896793631255178     
   4.5000000000000000        1.3418757114515401     
   4.5000000000000000        1.4011111849245574     
   4.5000000000000000        1.3479466454072766     
   4.5000000000000000        1.3248154459976456     
   4.5000000000000000        1.4892614842757499     
   4.5000000000000000        1.3301314683449506     
   4.5000000000000000        1.3537136869528428     
   4.5000000000000000        1.3902889592606962     
   4.5000000000000000        1.2457128278627978     
   4.5000000000000000        1.3622992719313052     
   4.5000000000000000        1.3163942614486481     
   4.5000000000000000        1.4092510401959424     
   4.5000000000000000        1.3290863446860390     
   4.5000000000000000        1.3517354476078833     
   4.5000000000000000        1.4219470261362874     
   4.5000000000000000        1.3159164681154514     
   4.5000000000000000        1.3997923032068598     
   4.5000000000000000        1.3009619751539696     
   4.5000000000000000        1.3024284903036758     
   4.5000000000000000        1.3526229386653972     
   4.5000000000000000        1.3715868347089375     
   4.5000000000000000        1.4062644395654562     
   4.5000000000000000        1.3656927479231917     
   4.5000000000000000        1.3073999318111875     
   4.5000000000000000        1.3726438414367277     
   4.5000000000000000        1.3750792956348981     
   4.5000000000000000        1.3448051284306752     
   4.5000000000000000        1.4138814807309403     
   4.5000000000000000        1.3983706924816457     
   4.5000000000000000        1.3695395288325978     
   4.5000000000000000        1.3864324481351138     
   4.5000000000000000        1.3756919722489838     
   4.5000000000000000        1.3755315227291103     
   4.5000000000000000        1.3922753166488633     
   4.5000000000000000        1.3743726670181990     
   4.5000000000000000        1.3394688730356714     
   4.5000000000000000        1.3479654331555699     
   4.5000000000000000        1.3676872597910423     
   4.5000000000000000        1.2523259680154264     
   4.5000000000000000        1.2649887858450630     
   4.5000000000000000        1.3601604628212587     
   4.5000000000000000        1.4002615477789107     
   4.5000000000000000        1.3429002271284793     
   4.5000000000000000        1.4363948785319212     
   4.5000000000000000        1.3101808261863512     
   4.5000000000000000        1.3781748996191319     
   4.5000000000000000        1.3758507778205202     
   4.5000000000000000        1.3430700961596136     
   4.5000000000000000        1.3133795484738378     
   4.5000000000000000        1.2987739863881069     
   4.5000000000000000        1.3163089299882631     
   4.5000000000000000        1.3112832830381655     
   4.5000000000000000        1.3933996330399863     
   4.5000000000000000        1.2772300720122436     
   5.0000000000000000        1.5329836446847822     
   5.0000000000000000        1.4970840371624856     
   5.0000000000000000        1.6121681667303409     
   5.0000000000000000        1.6147864653226172     
   5.0000000000000000        1.5596208931166060     
   5.0000000000000000        1.6835922975093580     
   5.0000000000000000        1.5886679231868122     
   5.0000000000000000        1.6303969837656276     
   5.0000000000000000        1.6230562110890974     
   5.0000000000000000        1.6564108063354750     
   5.0000000000000000        1.5894614909481206     
   5.0000000000000000        1.5711662567534870     
   5.0000000000000000        1.6266618547207776     
   5.0000000000000000        1.5435174529826470     
   5.0000000000000000        1.6892454465876809     
   5.0000000000000000        1.5719582162634722     
   5.0000000000000000        1.5703674674185217     
   5.0000000000000000        1.5283728328079991     
   5.0000000000000000        1.6603217288767140     
   5.0000000000000000        1.6359536701915831     
   5.0000000000000000        1.5462701724729506     
   5.0000000000000000        1.6289265020501427     
   5.0000000000000000        1.6142159088363615     
   5.0000000000000000        1.5872590997038012     
   5.0000000000000000        1.6303385287324312     
   5.0000000000000000        1.5882303472016641     
   5.0000000000000000        1.6183533620860431     
   5.0000000000000000        1.5023906172409367     
   5.0000000000000000        1.6312409972420376     
   5.0000000000000000        1.5981723205427076     
   5.0000000000000000        1.5883851606494079     
   5.0000000000000000        1.6640401158608955     
   5.0000000000000000        1.5646500696900860     
   5.0000000000000000        1.5846964590751407     
   5.0000000000000000        1.5946523582819940     
   5.0000000000000000        1.6492003652537723     
   5.0000000000000000        1.5548320467378713     
   5.0000000000000000        1.6212482660881509     
   5.0000000000000000        1.5996956655202792     
   5.0000000000000000        1.5336196457480833     
   5.0000000000000000        1.5963944002872490     
   5.0000000000000000        1.5949143175691163     
   5.0000000000000000        1.5464256056695356     
   5.0000000000000000        1.6033503642137459     
   5.0000000000000000        1.6260590426982524     
   5.0000000000000000        1.5971925529268562     
   5.0000000000000000        1.5960230357875005     
   5.0000000000000000        1.6370402491368818     
   5.0000000000000000        1.5147473827761981     
   5.0000000000000000        1.5139170367939558     
   5.0000000000000000        1.6169170394144530     
   5.0000000000000000        1.6186343643319594     
   5.0000000000000000        1.6155757203768624     
   5.0000000000000000        1.6078218426442961     
   5.0000000000000000        1.5446368613296360     
   5.0000000000000000        1.5379277076441158     
   5.0000000000000000        1.5421305050626457     
   5.0000000000000000        1.5448789217724390     
   5.0000000000000000        1.6086251244884422     
   5.0000000000000000        1.5688202331049090     
   5.0000000000000000        1.5182935127662531     
   5.0000000000000000        1.5781185038340217     
   5.0000000000000000        1.6090395179808266     
   5.0000000000000000        1.5949927352924991     
