-59.526673 0.6013220490566756
-59.024160437185934 0.6005162992224184
-58.521647874371865 0.5997111770095988
-58.01913531155779 0.598905878080803
-57.51662274874372 0.5981060862654712
-57.01411018592965 0.5973112040284905
-56.51159762311558 0.5965270889828942
-56.00908506030151 0.5957533100687838
-55.50657249748744 0.5949958363471419
-55.00405993467337 0.5942543512876896
-54.5015473718593 0.5935348607289166
-53.99903480904523 0.5928370997555672
-53.49652224623116 0.5921670257964421
-52.99400968341709 0.5915243533066677
-52.491497120603015 0.5909148984345249
-51.988984557788946 0.5903382761295435
-51.48647199497488 0.5898000645449909
-50.98395943216081 0.5892996973286803
-50.48144686934674 0.5888424187910674
-49.978934306532665 0.5884274010954752
-49.476421743718596 0.5880594650272345
-48.97390918090453 0.587737447713474
-48.47139661809045 0.5874656683650324
-47.96888405527638 0.5872425671916216
-47.466371492462315 0.5870719005302691
-46.96385892964825 0.5869516659905819
-46.46134636683418 0.5868850167029682
-45.9588338040201 0.5868694816845687
-45.456321241206034 0.5869075943140125
-44.953808678391965 0.5869964107412714
-44.45129611557789 0.5871378529100575
-43.94878355276382 0.5873285218558801
-43.44627098994975 0.5875697604526575
-42.943758427135684 0.5878577529638186
-42.441245864321615 0.5881933170021563
-41.93873330150754 0.5885722760042118
-41.43622073869347 0.5889949934960562
-40.9337081758794 0.5894570014863515
-40.43119561306533 0.5899582928829517
-39.92868305025126 0.590494186310748
-39.42617048743719 0.5910643943121574
-38.92365792462312 0.5916641038788762
-38.42114536180905 0.5922928388192967
-37.91863279899498 0.592945735355803
-37.41612023618091 0.5936222167258697
-36.91360767336684 0.5943174444735403
-36.411095110552765 0.5950308219917121
-35.908582547738696 0.5957576045032787
-35.40606998492463 0.5964972459256537
-34.90355742211056 0.5972451538240842
-34.40104485929649 0.5980008908106287
-33.898532296482415 0.5987600647592155
-33.396019733668346 0.5995223921063666
-32.89350717085428 0.6002837181269879
-32.3909946080402 0.601043945180323
-31.888482045226134 0.6017991826329904
-31.385969482412065 0.6025495385068166
-30.883456919597997 0.6032914034795581
-30.380944356783925 0.6040250997635568
-29.878431793969852 0.6047473083032029
-29.375919231155784 0.6054585642615782
-28.873406668341715 0.6061558408718107
-28.370894105527643 0.6068398768342538
-27.86838154271357 0.6075079340932804
-27.365868979899503 0.6081609389273905
-26.863356417085434 0.6087964340672922
-26.360843854271366 0.6094155124426119
-25.85833129145729 0.6100159864155545
-25.35581872864322 0.6105990911426561
-24.853306165829153 0.6111628951888725
-24.350793603015077 0.6117087493453521
-23.84828104020101 0.6122349634648586
-23.34576847738694 0.6127429763826268
-22.84325591457287 0.6132313234644099
-22.340743351758803 0.6137015040058681
-21.838230788944728 0.614152262731031
-21.33571822613066 0.6145851326626081
-20.83320566331659 0.6149990517006262
-20.330693100502515 0.6153955614023439
-19.828180537688446 0.6157737768781453
-19.325667974874378 0.6161352251179275
-18.82315541206031 0.6164791828498714
-18.32064284924624 0.6168071419053486
-17.818130286432165 0.617118525503505
-17.315617723618097 0.6174147725320498
-16.813105160804028 0.6176954380989401
-16.310592597989952 0.6179618933289699
-15.808080035175884 0.6182138111967114
-15.305567472361815 0.6184524832047062
-14.803054909547747 0.6186776868140055
-14.300542346733678 0.6188906248120213
-13.798029783919603 0.6190911664588596
-13.295517221105534 0.6192804192347603
-12.793004658291466 0.6194583322635946
-12.29049209547739 0.6196259137891497
-11.787979532663321 0.6197831818795568
-11.285466969849253 0.6199310457231714
-10.782954407035184 0.620069583016291
-10.280441844221116 0.6201996103446681
-9.77792928140704 0.6203212566888988
-9.275416718592972 0.6204352547540447
-8.772904155778903 0.6205417689128431
-8.270391592964828 0.6206414377766837
-7.767879030150759 0.6207344071805749
-7.2653664673366904 0.6208211554185953
-6.762853904522622 0.6209016704196322
-6.260341341708553 0.6209763057061807
-5.757828778894478 0.6210447934202777
-5.255316216080409 0.6211083796795638
-4.752803653266341 0.6211676022827683
-4.250291090452265 0.621225458885217
-3.7477785276381965 0.6212998869282862
-3.245265964824128 0.6214947751710391
-2.7427534020100595 0.6223309869318742
-2.240240839195991 0.6256140801442502
-1.7377282763819153 0.6360889997903294
-1.2352157135678468 0.6611150233244417
-0.7327031507537782 0.7048358248606977
-0.2301905879397026 0.7614238082950058
0.27232197487436594 0.8158673315509434
0.7748345376884345 0.8527869956198091
1.277347100502503 0.8648063777915936
1.7798596633165715 0.8546177770986777
2.282372226130647 0.8312174148620015
2.7848847889447157 0.8033622659189311
3.2873973517587842 0.7758805379508074
3.78990991457286 0.7505471642454631
4.292422477386928 0.7279546432556151
4.794935040200997 0.7083055234319954
5.297447603015073 0.6915649595759124
5.799960165829134 0.6775412633391277
6.30247272864321 0.6659661653863738
6.804985291457271 0.6565426728217041
7.307497854271347 0.6489634253865242
7.810010417085422 0.6429307129660654
8.312522979899484 0.6381683166606461
8.81503554271356 0.6344346227595737
9.317548105527635 0.6315214662769914
9.820060668341696 0.6292580984520701
10.322573231155772 0.627502758629494
10.825085793969848 0.6261443702723233
11.32759835678391 0.6250918183278757
11.830110919597985 0.6242765849733398
12.332623482412046 0.6236417483688048
12.835136045226122 0.6231465920750605
13.337648608040197 0.6227557849186569
13.840161170854259 0.6224459404814283
14.342673733668335 0.6221948472878873
14.845186296482396 0.6219896535055798
15.347698859296472 0.6218159295982127
15.850211422110547 0.621667143540278
16.35272398492461 0.6215334017816421
16.855236547738684 0.6214119388387664
17.35774911055276 0.6212954653869784
17.86026167336682 0.6211834534498835
18.362774236180897 0.6210700858910657
18.865286798994973 0.6209561604369624
19.367799361809034 0.6208366781820084
19.87031192462311 0.620713218618734
20.37282448743717 0.6205812298894207
20.875337050251247 0.6204427478674935
21.377849613065322 0.620293462590779
21.880362175879384 0.6201356712680766
22.38287473869346 0.6199651975258086
22.88538730150752 0.619784483513506
23.387899864321597 0.6195894341882816
23.890412427135672 0.619382568743232
24.392924989949734 0.619159853291108
24.89543755276381 0.6189238470828677
25.397950115577885 0.618670575280348
25.900462678391946 0.6184026207920761
26.402975241206022 0.6181160756610695
26.905487804020098 0.6178135444544325
27.40800036683416 0.6174911992196775
27.910512929648235 0.6171516747224715
28.413025492462296 0.6167912388406489
28.91553805527637 0.6164125730223953
29.418050618090447 0.6160120581222707
29.92056318090451 0.6155924447669705
30.423075743718584 0.6151502445606944
30.925588306532646 0.6146883042073659
31.42810086934672 0.6142032841290433
31.930613432160797 0.6136981569348252
32.43312599497486 0.6131697500482602
32.935638557788934 0.612621193304674
33.43815112060301 0.6120494992557176
33.94066368341707 0.6114579863297667
34.44317624623115 0.6108438700097242
34.94568880904522 0.6102106872500117
35.448201371859284 0.6095558735118122
35.95071393467336 0.6088832112569945
36.45322649748742 0.6081903715684883
36.9557390603015 0.6074814048931094
37.45825162311557 0.6067542312871889
37.960764185929634 0.606013185581321
38.46327674874371 0.6052564467344091
38.96578931155777 0.6044886427066178
39.468301874371846 0.6037082165193268
39.97081443718592 0.602920088819401
40.473327 0.6021229655769316
