   1.0000000000000000E-002  -1.7954398866564127     
   1.0000000000000000E-002  -1.7267071828257599     
   1.0000000000000000E-002  -1.9703084211974127     
   1.0000000000000000E-002 -0.85350324595727223     
   1.0000000000000000E-002  -4.9253119454380165     
   1.0000000000000000E-002  -8.0540213548938784     
   1.0000000000000000E-002 -0.17958154958984082     
   1.0000000000000000E-002  -1.3341737965405431     
   1.0000000000000000E-002   1.4917517319148736     
   1.0000000000000000E-002   7.2786494638153956     
   1.0000000000000000E-002  -29.546817509303974     
   1.0000000000000000E-002  0.62855002993272335     
   1.0000000000000000E-002  -11.587376050767988     
   1.0000000000000000E-002  -5.4765274615071089     
   1.0000000000000000E-002  -23.316148447782329     
   1.0000000000000000E-002 -0.89207727060916808     
   1.0000000000000000E-002  0.59215568209264169     
   1.0000000000000000E-002   12.075293532113847     
   1.0000000000000000E-002  -1.2847241881033875     
   1.0000000000000000E-002   10.086328865648426     
   1.0000000000000000E-002  -6.1416482110504305     
   1.0000000000000000E-002  -2.3593297191838669     
   1.0000000000000000E-002   1.4288714546257231     
   1.0000000000000000E-002   10.994581446112582     
   1.0000000000000000E-002   2.1871962360160264     
   1.0000000000000000E-002   4.1831997051543421     
   1.0000000000000000E-002   3.5484116030837360     
   1.0000000000000000E-002  -5.1623792574458420E-002
   1.0000000000000000E-002  -20.702297752676735     
   1.0000000000000000E-002   5.2275558219879112     
   1.0000000000000000E-002  -8.8595883111603673     
   1.0000000000000000E-002   1.2624533610527566E-002
   1.0000000000000000E-002  -113.19101112804937     
   1.0000000000000000E-002  -6.0401757196970820     
   1.0000000000000000E-002   1.2101367443350564     
   1.0000000000000000E-002  0.65258334211069358     
   1.0000000000000000E-002  -1.4474997615616323     
   1.0000000000000000E-002   1.2784763256380014     
   1.0000000000000000E-002  -1.1407909667460552     
   1.0000000000000000E-002   4.2021208660788005     
   1.0000000000000000E-002   8.1572378067863944     
   1.0000000000000000E-002 -0.64653655956306089     
   1.0000000000000000E-002   4.2134506116677057     
   1.0000000000000000E-002   24.899217398915514     
   1.0000000000000000E-002   6.7651969038799056     
   1.0000000000000000E-002 -0.96482812100140469     
   1.0000000000000000E-002   5.8618996163185724     
   1.0000000000000000E-002 -0.20043605493461941     
   1.0000000000000000E-002  -1.3795751057449430     
   1.0000000000000000E-002  0.19887094114312412     
   1.0000000000000000E-002   7.2535042465151900     
   1.0000000000000000E-002   3.0801333775486923     
   1.0000000000000000E-002   5.4758610649861019     
   1.0000000000000000E-002  -1.5164417415514566     
   1.0000000000000000E-002  -8.6555708806674811     
   1.0000000000000000E-002   15.762683058785010     
   1.0000000000000000E-002  -36.574389476708745     
   1.0000000000000000E-002   1.8132928701272690     
   1.0000000000000000E-002  -1.1430608936848428     
   1.0000000000000000E-002  0.75273414069806344     
   1.0000000000000000E-002  0.49848449237641107     
   1.0000000000000000E-002   21.477881795439707     
   1.0000000000000000E-002  0.11179835770447187     
   1.0000000000000000E-002  -1.9991607742914790     
   2.9999999999999999E-002   8.1573149227122403     
   2.9999999999999999E-002  -1.7831051896800285     
   2.9999999999999999E-002   6.3242113012148611     
   2.9999999999999999E-002   30.183210626105996     
   2.9999999999999999E-002   5.1851624768772311     
   2.9999999999999999E-002  -676.31722228177091     
   2.9999999999999999E-002  -6.2180612929784811     
   2.9999999999999999E-002  -28.099282525720920     
   2.9999999999999999E-002  -7.1802912148473030     
   2.9999999999999999E-002  -17.789402528652541     
   2.9999999999999999E-002   23.269878731696195     
   2.9999999999999999E-002   7.3475036152337116     
   2.9999999999999999E-002  -1.4383696681847566     
   2.9999999999999999E-002  -3.0777296367783435     
   2.9999999999999999E-002   2.7568370343856397     
   2.9999999999999999E-002  -7.8004423071840749     
   2.9999999999999999E-002  -112.75905360693433     
   2.9999999999999999E-002  -2.3239262320314160     
   2.9999999999999999E-002  -5.5411488282623118     
   2.9999999999999999E-002  -7.9091764930526933     
   2.9999999999999999E-002  -16.153914551128370     
   2.9999999999999999E-002   22.300569315830185     
   2.9999999999999999E-002  -1.9785054199779766     
   2.9999999999999999E-002   5.2590249724923908     
   2.9999999999999999E-002  -1.9633490121780957     
   2.9999999999999999E-002  -18.085207532185272     
   2.9999999999999999E-002  -27.411195814296587     
   2.9999999999999999E-002  -12.844381565853057     
   2.9999999999999999E-002  -5722.1740140807515     
   2.9999999999999999E-002  -19.595932036893206     
   2.9999999999999999E-002   36.857568826801817     
   2.9999999999999999E-002  -2.0540690363207355     
   2.9999999999999999E-002  -10.904653283862007     
   2.9999999999999999E-002  -9.0390683987920184     
   2.9999999999999999E-002  -1.0330122281008183     
   2.9999999999999999E-002  0.99361572993502134     
   2.9999999999999999E-002   6.0473976265822502     
   2.9999999999999999E-002   1.7939761108624388     
   2.9999999999999999E-002  -2.2519499276990120     
   2.9999999999999999E-002  -66.264100163647612     
   2.9999999999999999E-002   16.143993737072012     
   2.9999999999999999E-002   31.300308400012440     
   2.9999999999999999E-002   6.2566711623417479     
   2.9999999999999999E-002  0.29097726719455097     
   2.9999999999999999E-002  -15.853263233723526     
   2.9999999999999999E-002   9.4679292788418774     
   2.9999999999999999E-002  -8.0008040294561091     
   2.9999999999999999E-002   3.3470774537481605     
   2.9999999999999999E-002  -2.4445874253817013     
   2.9999999999999999E-002   6.9415865012386595     
   2.9999999999999999E-002   2.2678736749980635     
   2.9999999999999999E-002  -12.371365531513066     
   2.9999999999999999E-002   13.426493533363898     
   2.9999999999999999E-002   7.2843962085694702     
   2.9999999999999999E-002   17.944347229130180     
   2.9999999999999999E-002   12.058640794607587     
   2.9999999999999999E-002  -99.135156985804116     
   2.9999999999999999E-002  -16.449910903119939     
   2.9999999999999999E-002  -1.6541168801658745     
   2.9999999999999999E-002   2.7491767173346946     
   2.9999999999999999E-002  -159.01276158277204     
   2.9999999999999999E-002  -4.1605138454893407     
   2.9999999999999999E-002   13.182661176924093     
   2.9999999999999999E-002   1.7866151348384032     
   5.0000000000000003E-002   113.97953457104360     
   5.0000000000000003E-002  -4.3319807585302579     
   5.0000000000000003E-002   3.8624121939998544     
   5.0000000000000003E-002  -2.8764071872661887     
   5.0000000000000003E-002  -317.79884243132869     
   5.0000000000000003E-002  -52.442333237597595     
   5.0000000000000003E-002  -6.7286930052605243     
   5.0000000000000003E-002   9.7046080478214822     
   5.0000000000000003E-002  -4.0047959075516006     
   5.0000000000000003E-002  -133.48117958463223     
   5.0000000000000003E-002   22.560731690841592     
   5.0000000000000003E-002  -4.6962853394591830     
   5.0000000000000003E-002  -103.16651205691537     
   5.0000000000000003E-002  -11.491532346983192     
   5.0000000000000003E-002   4.0660411905493881     
   5.0000000000000003E-002   8.6306361064470227     
   5.0000000000000003E-002  -12.725150247166038     
   5.0000000000000003E-002   2.9361273565453661     
   5.0000000000000003E-002  -6.9746201403141228     
   5.0000000000000003E-002  -10.991257278239283     
   5.0000000000000003E-002  -14.259134372096330     
   5.0000000000000003E-002  -17.839672400022131     
   5.0000000000000003E-002  -12.272991610370109     
   5.0000000000000003E-002  -8.6973483564812817     
   5.0000000000000003E-002   23.876417891058569     
   5.0000000000000003E-002   4.3461083119644881     
   5.0000000000000003E-002  -4.5469663374332718     
   5.0000000000000003E-002  -4.4112157261682894     
   5.0000000000000003E-002   8.6125712858841954     
   5.0000000000000003E-002  -4.6347068208992619     
   5.0000000000000003E-002   8.4833451594586116     
   5.0000000000000003E-002   10.905887987503064     
   5.0000000000000003E-002   4.2857996056795509     
   5.0000000000000003E-002  -4.1990482576403316     
   5.0000000000000003E-002  -6.7274553841019067     
   5.0000000000000003E-002   5.9373605216147514     
   5.0000000000000003E-002   61.766232436711789     
   5.0000000000000003E-002  -73.414456312856231     
   5.0000000000000003E-002  -6.6512746716931019     
   5.0000000000000003E-002   30.725192490564506     
   5.0000000000000003E-002   8.9290464966897112     
   5.0000000000000003E-002   9.0255439203073653     
   5.0000000000000003E-002  -31.242317839988235     
   5.0000000000000003E-002   1.3720134325511135     
   5.0000000000000003E-002  -9.0694843090959942     
   5.0000000000000003E-002  -32.968785320089786     
   5.0000000000000003E-002  -12.077574255877243     
   5.0000000000000003E-002   7.2469251420425209     
   5.0000000000000003E-002  -16.030204287371436     
   5.0000000000000003E-002  -105.85600765905222     
   5.0000000000000003E-002   4.4486040131624147     
   5.0000000000000003E-002   3.1147872088384196     
   5.0000000000000003E-002   4.8577196149433783     
   5.0000000000000003E-002  -2.4034227775976298     
   5.0000000000000003E-002   14.815104253534981     
   5.0000000000000003E-002   22.423907596512898     
   5.0000000000000003E-002   8.2896633001402300     
   5.0000000000000003E-002   28.749968866007865     
   5.0000000000000003E-002   13.197946309980260     
   5.0000000000000003E-002   7.2356448784392509     
   5.0000000000000003E-002  -4.4968794798449121     
   5.0000000000000003E-002  -18.114651001668101     
   5.0000000000000003E-002  -15.169977758615008     
   5.0000000000000003E-002   4.0377151636062658     
  0.10000000000000001        21.508281643419703     
  0.10000000000000001       -13.890544970726042     
  0.10000000000000001        31.804100996393782     
  0.10000000000000001        81.092399047041837     
  0.10000000000000001       -795.58372087044677     
  0.10000000000000001        26.423015736879851     
  0.10000000000000001       -14.494302617231522     
  0.10000000000000001        17.318734173410380     
  0.10000000000000001       -20.949045766493160     
  0.10000000000000001       -42.858873420672587     
  0.10000000000000001        24.972630090932064     
  0.10000000000000001        162.59697263806316     
  0.10000000000000001       -10.492313100718267     
  0.10000000000000001        35.079736856480025     
  0.10000000000000001        7.8923575344515253     
  0.10000000000000001       -10.318109399405358     
  0.10000000000000001       -10.655634093337362     
  0.10000000000000001       -35.668075477109689     
  0.10000000000000001       -29.483331243500196     
  0.10000000000000001       -63.539654722580977     
  0.10000000000000001       -29.518348350923517     
  0.10000000000000001        2249.4466966891987     
  0.10000000000000001       -26.935623869584340     
  0.10000000000000001        17.260015627203000     
  0.10000000000000001       -20.736129333852539     
  0.10000000000000001       -190.55336629997450     
  0.10000000000000001       -8.3656559030881290     
  0.10000000000000001        45.742612123328698     
  0.10000000000000001        8.3692850722176839     
  0.10000000000000001       -36.362649318096501     
  0.10000000000000001        17.998950374833750     
  0.10000000000000001        18.687476580785379     
  0.10000000000000001       -120.62266812396713     
  0.10000000000000001       -137.35732823402904     
  0.10000000000000001       -85.603520230463431     
  0.10000000000000001        8.6630690547568658     
  0.10000000000000001        66.758139892202351     
  0.10000000000000001        348.12092221048511     
  0.10000000000000001        17.045602392335685     
  0.10000000000000001       -37.787432705769085     
  0.10000000000000001        23.246839338831617     
  0.10000000000000001        14.972764732113799     
  0.10000000000000001        9.1386097142870053     
  0.10000000000000001       -942.93244060656514     
  0.10000000000000001       -44.179578738446402     
  0.10000000000000001       -140.51083444957382     
  0.10000000000000001        8.9935690205569738     
  0.10000000000000001        6.9557445469063826     
  0.10000000000000001       -107.27446624770559     
  0.10000000000000001        106.11738633898608     
  0.10000000000000001        13.882968268960552     
  0.10000000000000001        7.8241670154267737     
  0.10000000000000001        12.689457435996756     
  0.10000000000000001       -17.400815188536523     
  0.10000000000000001       -16.897232721988832     
  0.10000000000000001        9.3493983723826908     
  0.10000000000000001        4.6571830563588250     
  0.10000000000000001        17.718771777869573     
  0.10000000000000001        23.766156649711508     
  0.10000000000000001        20.053237484637616     
  0.10000000000000001       -23.335887551975013     
  0.10000000000000001        47.185609183144969     
  0.10000000000000001       -127.55747122186898     
  0.10000000000000001        7.8876413227656803     
  0.29999999999999999        28.657001986731576     
  0.29999999999999999       -26.720801583827171     
  0.29999999999999999        108.06399763412810     
  0.29999999999999999        201.88164997829421     
  0.29999999999999999        80.250164187811308     
  0.29999999999999999        469.51837689881967     
  0.29999999999999999       -28.503520438569016     
  0.29999999999999999        100.06635353422952     
  0.29999999999999999       -43.239622098713738     
  0.29999999999999999        56.679251598433147     
  0.29999999999999999        98.728251528741140     
  0.29999999999999999        68.297331700714892     
  0.29999999999999999       -73.112610177369348     
  0.29999999999999999       -118.40057539935194     
  0.29999999999999999        33.996165440063145     
  0.29999999999999999        130.00464178477131     
  0.29999999999999999        446.44827021347766     
  0.29999999999999999       -146.72145109470628     
  0.29999999999999999       -20.639669464576002     
  0.29999999999999999        43.767257406004319     
  0.29999999999999999        117.30803423505861     
  0.29999999999999999       -48.862323652156171     
  0.29999999999999999       -139.48810318354691     
  0.29999999999999999       -1187.7712810580911     
  0.29999999999999999        229.16248421883233     
  0.29999999999999999       -125.37452383851382     
  0.29999999999999999       -90.828120313129546     
  0.29999999999999999        62.553913935650812     
  0.29999999999999999        43.167867951151521     
  0.29999999999999999        103.39993341237984     
  0.29999999999999999        29.726890799447055     
  0.29999999999999999        48.816009859890457     
  0.29999999999999999        119.29609562982021     
  0.29999999999999999        339.82804148335913     
  0.29999999999999999        206.21440807776719     
  0.29999999999999999        17.279091273473046     
  0.29999999999999999        82.871291618941854     
  0.29999999999999999        84.637225078527763     
  0.29999999999999999        146.83453608222004     
  0.29999999999999999        653.00162015447972     
  0.29999999999999999        34.811986747799367     
  0.29999999999999999        29.610633732531515     
  0.29999999999999999        70.435819214108946     
  0.29999999999999999        166.21333580563376     
  0.29999999999999999       -83.343107937078102     
  0.29999999999999999        130.89396521998083     
  0.29999999999999999        121.55656242520662     
  0.29999999999999999        34.879680960420217     
  0.29999999999999999       -105.63228008361934     
  0.29999999999999999        57.376928996993442     
  0.29999999999999999        175.40246523461104     
  0.29999999999999999        44.706726787153912     
  0.29999999999999999        45.410858514130574     
  0.29999999999999999        30.205042696536399     
  0.29999999999999999       -45.247353410150652     
  0.29999999999999999        56.671319477368222     
  0.29999999999999999       -878.44422992561817     
  0.29999999999999999        53.678423431438297     
  0.29999999999999999        27.182606070286656     
  0.29999999999999999        59.476002727611302     
  0.29999999999999999       -58.303342011371022     
  0.29999999999999999        86.375619762801975     
  0.29999999999999999       -36.594402446039553     
  0.29999999999999999        16.210362319911731     
  0.50000000000000000        50.596694215480454     
  0.50000000000000000       -104.40937428180176     
  0.50000000000000000        84.138697079497163     
  0.50000000000000000        320.09904303746941     
  0.50000000000000000       -853.31499250126717     
  0.50000000000000000        176.34726242733345     
  0.50000000000000000       -62.934061998566271     
  0.50000000000000000        90.894292579476598     
  0.50000000000000000       -55.883440609869012     
  0.50000000000000000        39.555892371746772     
  0.50000000000000000        1543.4577469382427     
  0.50000000000000000        1032.3161662094074     
  0.50000000000000000        604.70473895112059     
  0.50000000000000000        154.24913798519790     
  0.50000000000000000        39.598888189342631     
  0.50000000000000000       -1025.7223352450701     
  0.50000000000000000       -535.72559493689630     
  0.50000000000000000        136.84041503393729     
  0.50000000000000000       -1270.7932624992420     
  0.50000000000000000        86.155231714245446     
  0.50000000000000000        347.69756537969567     
  0.50000000000000000        86.776989046087948     
  0.50000000000000000        71.464909813044244     
  0.50000000000000000        63.520270819458148     
  0.50000000000000000       -711.10863687960625     
  0.50000000000000000        84.040929998452938     
  0.50000000000000000        182.26666032248795     
  0.50000000000000000        260.87051294246396     
  0.50000000000000000        59.024648717149077     
  0.50000000000000000       -187.61115527896129     
  0.50000000000000000        109.73782988849895     
  0.50000000000000000        97.525737846174081     
  0.50000000000000000        153.48996097242576     
  0.50000000000000000        144.89576670870997     
  0.50000000000000000        11550.285465988545     
  0.50000000000000000        22.988225701762868     
  0.50000000000000000        38.416752383310730     
  0.50000000000000000        61.824652351327245     
  0.50000000000000000        51.741102035038558     
  0.50000000000000000        404.07070081782433     
  0.50000000000000000        76.770022556624326     
  0.50000000000000000        67.491812075683796     
  0.50000000000000000        36.635536692870616     
  0.50000000000000000        66.507006232622217     
  0.50000000000000000        85.653793618035238     
  0.50000000000000000       -107.22322727193215     
  0.50000000000000000        190.36527942252999     
  0.50000000000000000        27.238099694740672     
  0.50000000000000000        218.58478369342168     
  0.50000000000000000        208.64231835540750     
  0.50000000000000000        67.131456467794521     
  0.50000000000000000        611.53887702668101     
  0.50000000000000000        21.808682163659117     
  0.50000000000000000        162.30404223698764     
  0.50000000000000000        851.38239268791040     
  0.50000000000000000        68.274939359945265     
  0.50000000000000000        61.856411418912288     
  0.50000000000000000        77.226193106570648     
  0.50000000000000000        40.995324157207207     
  0.50000000000000000        415.30480340911708     
  0.50000000000000000        116.21452007306158     
  0.50000000000000000        55.217592664338184     
  0.50000000000000000        1652.3496355174923     
  0.50000000000000000        58.330412859202205     
  0.69999999999999996        72.027935021675731     
  0.69999999999999996       -575.50134674161745     
  0.69999999999999996        70.264452890509489     
  0.69999999999999996        103.09680556630417     
  0.69999999999999996       -217.45160270789131     
  0.69999999999999996        95.904882800277591     
  0.69999999999999996       -4233.3884720707410     
  0.69999999999999996        138.24507979784903     
  0.69999999999999996       -98.159773009531307     
  0.69999999999999996        314.09023766837885     
  0.69999999999999996        816.38677183891400     
  0.69999999999999996       -1158.9325159280802     
  0.69999999999999996       -5213.7105738363325     
  0.69999999999999996        267.24667852351581     
  0.69999999999999996        48.010909017597719     
  0.69999999999999996        78.895351982730418     
  0.69999999999999996        136.76659391730180     
  0.69999999999999996        287.46781013610587     
  0.69999999999999996       -150.01422457438056     
  0.69999999999999996        179.41170790972288     
  0.69999999999999996       -3476.4023028022325     
  0.69999999999999996        262.05782727747084     
  0.69999999999999996       -271.78679154423611     
  0.69999999999999996        68.547108461257906     
  0.69999999999999996        345.13003328729798     
  0.69999999999999996        114.27658860306883     
  0.69999999999999996        215.68139696542198     
  0.69999999999999996        186.01195476114094     
  0.69999999999999996        60.911334719253240     
  0.69999999999999996        140.22217957502389     
  0.69999999999999996        56.232520210061388     
  0.69999999999999996        66.690475803685970     
  0.69999999999999996        338.21186113943043     
  0.69999999999999996        84.891923911396930     
  0.69999999999999996        258.91136864395742     
  0.69999999999999996        42.389906238847956     
  0.69999999999999996        96.187184927366175     
  0.69999999999999996        125.42206102530074     
  0.69999999999999996        61.662601742470059     
  0.69999999999999996        270.97963742220310     
  0.69999999999999996        37.047121484674904     
  0.69999999999999996        118.04672626974369     
  0.69999999999999996        38.740722372953392     
  0.69999999999999996        90.207189376217826     
  0.69999999999999996        293.97517928275414     
  0.69999999999999996        1674.8822776305922     
  0.69999999999999996        89.633362945822896     
  0.69999999999999996        46.478364132689322     
  0.69999999999999996       -364.03268107338789     
  0.69999999999999996        431.86387650064302     
  0.69999999999999996        72.078489920201577     
  0.69999999999999996        72.802824054523683     
  0.69999999999999996        52.780765946784506     
  0.69999999999999996        114.97469119328129     
  0.69999999999999996        350.13549765729306     
  0.69999999999999996        55.230270783184324     
  0.69999999999999996        47.477258224446523     
  0.69999999999999996       -2649.2585202600840     
  0.69999999999999996        69.647978049780136     
  0.69999999999999996        51.528674157846510     
  0.69999999999999996       -1068.8972081022441     
  0.69999999999999996        74.358009907343941     
  0.69999999999999996       -177.69389562919918     
  0.69999999999999996        49.233959433580544     
   1.0000000000000000        68.127665215462656     
   1.0000000000000000       -264.02811733025362     
   1.0000000000000000        69.964090558317707     
   1.0000000000000000        337.78625012469649     
   1.0000000000000000        402.33467703484899     
   1.0000000000000000        90.592461207007574     
   1.0000000000000000       -1030.8264669068096     
   1.0000000000000000        108.31152396944562     
   1.0000000000000000        25553.876089411166     
   1.0000000000000000        230.88996912297577     
   1.0000000000000000        537.97309639626576     
   1.0000000000000000        155.97473110543405     
   1.0000000000000000        126.75492009241378     
   1.0000000000000000        165.36129856092396     
   1.0000000000000000        54.883378140870413     
   1.0000000000000000        287.64825984533729     
   1.0000000000000000        182.41727999487563     
   1.0000000000000000        386.57973484515480     
   1.0000000000000000        5031.4515477395689     
   1.0000000000000000        141.50643626580219     
   1.0000000000000000       -790.74075196328261     
   1.0000000000000000        449.43604125213091     
   1.0000000000000000        181.87228490522526     
   1.0000000000000000        93.001977643701125     
   1.0000000000000000        210.24384337761026     
   1.0000000000000000        195.76348927504617     
   1.0000000000000000        276.93591772166678     
   1.0000000000000000        248.74021469810560     
   1.0000000000000000        71.254538466967404     
   1.0000000000000000        465.42675224506525     
   1.0000000000000000        116.44260122571490     
   1.0000000000000000        61.125291416371780     
   1.0000000000000000        105.00859927209018     
   1.0000000000000000        158.43052067026787     
   1.0000000000000000        372.21491600212590     
   1.0000000000000000        50.363890335547929     
   1.0000000000000000        83.556361134621994     
   1.0000000000000000        127.79830694846417     
   1.0000000000000000        179.82465054311032     
   1.0000000000000000        196.47278806893192     
   1.0000000000000000        83.133437648849622     
   1.0000000000000000        80.768210352691426     
   1.0000000000000000        56.607644188705933     
   1.0000000000000000        134.65053452920824     
   1.0000000000000000        161.86258756790943     
   1.0000000000000000        120.33065634353034     
   1.0000000000000000        139.88162380028038     
   1.0000000000000000        45.629394564936298     
   1.0000000000000000        160.87802627349328     
   1.0000000000000000        124.85101619029855     
   1.0000000000000000        75.314680554176803     
   1.0000000000000000        90.157888636394986     
   1.0000000000000000        39.103067414837213     
   1.0000000000000000        106.23862296082318     
   1.0000000000000000        145.35074032383855     
   1.0000000000000000        70.083955425617035     
   1.0000000000000000        84.073230119705968     
   1.0000000000000000        138.72375166049633     
   1.0000000000000000        65.924808725840251     
   1.0000000000000000        59.215772886465786     
   1.0000000000000000        179.53503303310544     
   1.0000000000000000        91.933972336964061     
   1.0000000000000000        214.59354642983786     
   1.0000000000000000        41.307963833471852     
   1.5000000000000000        112.84338206312430     
   1.5000000000000000        1044.7645839172276     
   1.5000000000000000        67.017867152307090     
   1.5000000000000000        237.64981155351703     
   1.5000000000000000        182.97081597497379     
   1.5000000000000000        135.99048479843032     
   1.5000000000000000        1929.8898992142404     
   1.5000000000000000        126.20629694111963     
   1.5000000000000000        295.42931009058503     
   1.5000000000000000        120.33028142175381     
   1.5000000000000000        256.89282407695026     
   1.5000000000000000        154.06859175471990     
   1.5000000000000000        138.08575868524161     
   1.5000000000000000        195.08463592632410     
   1.5000000000000000        58.560835708718294     
   1.5000000000000000        138.05887172513161     
   1.5000000000000000        126.18254872893523     
   1.5000000000000000        157.02222521742672     
   1.5000000000000000       -5304.4177325130531     
   1.5000000000000000        109.70126249171389     
   1.5000000000000000        264.40802137701650     
   1.5000000000000000        209.71743086146370     
   1.5000000000000000        171.39210733206315     
   1.5000000000000000        79.649032843592892     
   1.5000000000000000        131.85256876418381     
   1.5000000000000000        92.020524555798545     
   1.5000000000000000        266.68560504826701     
   1.5000000000000000        196.16024919700388     
   1.5000000000000000        86.984966265384571     
   1.5000000000000000        259.77469276241919     
   1.5000000000000000        93.897151829449911     
   1.5000000000000000        79.424152471051343     
   1.5000000000000000        121.10574084954835     
   1.5000000000000000        274.60464982811078     
   1.5000000000000000        195.87389189692229     
   1.5000000000000000        61.433128135850779     
   1.5000000000000000        83.730240032961589     
   1.5000000000000000        96.927127962852325     
   1.5000000000000000        138.95255486909500     
   1.5000000000000000        107.72063438440881     
   1.5000000000000000        73.109100341994605     
   1.5000000000000000        91.043917554713261     
   1.5000000000000000        64.731915205221199     
   1.5000000000000000        170.13338883199845     
   1.5000000000000000        108.82589382842703     
   1.5000000000000000        172.86030083447088     
   1.5000000000000000        114.44428291496092     
   1.5000000000000000        63.054070263459650     
   1.5000000000000000        218.66864043471389     
   1.5000000000000000        166.98590644282760     
   1.5000000000000000        76.928771443513526     
   1.5000000000000000        102.57172940417001     
   1.5000000000000000        55.650012934384662     
   1.5000000000000000        92.512213540313880     
   1.5000000000000000        153.05833340289780     
   1.5000000000000000        100.38383119113497     
   1.5000000000000000        77.465978573857782     
   1.5000000000000000        108.32157169409933     
   1.5000000000000000        79.197402812838988     
   1.5000000000000000        66.069133172770421     
   1.5000000000000000        157.97111128252874     
   1.5000000000000000        86.468967369044279     
   1.5000000000000000        257.74340908397318     
   1.5000000000000000        56.870020037197705     
   2.0000000000000000        80.195995548559083     
   2.0000000000000000        371.92724043626635     
   2.0000000000000000        84.092556932924438     
   2.0000000000000000        134.09102963527906     
   2.0000000000000000        150.99569125223169     
   2.0000000000000000        102.96703851971857     
   2.0000000000000000        326.30334250834136     
   2.0000000000000000        108.01127134755023     
   2.0000000000000000        470.26560074570722     
   2.0000000000000000        110.77936753612498     
   2.0000000000000000        174.95242909595805     
   2.0000000000000000        111.91531804588583     
   2.0000000000000000        126.07044556193345     
   2.0000000000000000        112.01623112856244     
   2.0000000000000000        62.928186089461491     
   2.0000000000000000        159.36358666524893     
   2.0000000000000000        143.25962726256660     
   2.0000000000000000        158.69255322265445     
   2.0000000000000000        506.69723224730711     
   2.0000000000000000        128.86702127309425     
   2.0000000000000000        202.97848963186325     
   2.0000000000000000        146.56162882266850     
   2.0000000000000000        115.29793729728168     
   2.0000000000000000        71.005659932811440     
   2.0000000000000000        141.94662972278022     
   2.0000000000000000        115.69018799664730     
   2.0000000000000000        150.99840867180038     
   2.0000000000000000        149.31830688534976     
   2.0000000000000000        93.403649840463089     
   2.0000000000000000        163.62121547643247     
   2.0000000000000000        90.003620047959814     
   2.0000000000000000        84.452807640414747     
   2.0000000000000000        116.87720733151563     
   2.0000000000000000        160.15918585761375     
   2.0000000000000000        206.25794898113006     
   2.0000000000000000        62.840521274026656     
   2.0000000000000000        90.608066944416080     
   2.0000000000000000        113.62663737984619     
   2.0000000000000000        118.46287613812437     
   2.0000000000000000        115.56104352014712     
   2.0000000000000000        72.591258884494096     
   2.0000000000000000        92.306999913590658     
   2.0000000000000000        73.650802267598337     
   2.0000000000000000        110.20885309533733     
   2.0000000000000000        143.14988744382839     
   2.0000000000000000        142.36125074312878     
   2.0000000000000000        88.238332126987302     
   2.0000000000000000        63.740622438323363     
   2.0000000000000000        198.11118522144662     
   2.0000000000000000        120.32745164460876     
   2.0000000000000000        81.504239050278386     
   2.0000000000000000        93.240281755595831     
   2.0000000000000000        62.823309208560026     
   2.0000000000000000        100.59739564381273     
   2.0000000000000000        152.02475161359581     
   2.0000000000000000        91.759707600720944     
   2.0000000000000000        93.868782721198684     
   2.0000000000000000        119.70872059670863     
   2.0000000000000000        78.465612337356688     
   2.0000000000000000        74.147568550109966     
   2.0000000000000000        112.57371383790165     
   2.0000000000000000        98.846127427766959     
   2.0000000000000000        259.15283037828561     
   2.0000000000000000        62.813137660911806     
   2.5000000000000000        79.497820792183390     
   2.5000000000000000        260.65439088561430     
   2.5000000000000000        90.332480330231334     
   2.5000000000000000        126.00150642112230     
   2.5000000000000000        120.30639079352248     
   2.5000000000000000        107.38843916182991     
   2.5000000000000000        269.81110162162827     
   2.5000000000000000        104.90532753121131     
   2.5000000000000000        241.28498912569663     
   2.5000000000000000        104.33797140463672     
   2.5000000000000000        130.75237122539352     
   2.5000000000000000        115.00966567816403     
   2.5000000000000000        116.02735157942281     
   2.5000000000000000        117.26964472166863     
   2.5000000000000000        60.051115302660598     
   2.5000000000000000        153.20315993262298     
   2.5000000000000000        113.56595510959301     
   2.5000000000000000        123.60969762568270     
   2.5000000000000000        435.36272043671704     
   2.5000000000000000        117.71986827313688     
   2.5000000000000000        213.25891971448658     
   2.5000000000000000        120.95867331040482     
   2.5000000000000000        114.25852321800461     
   2.5000000000000000        77.755469964066222     
   2.5000000000000000        113.88844059667666     
   2.5000000000000000        107.80271783498016     
   2.5000000000000000        136.27590684021277     
   2.5000000000000000        156.79644697500194     
   2.5000000000000000        87.401354620298122     
   2.5000000000000000        131.59852475983431     
   2.5000000000000000        90.825518779464701     
   2.5000000000000000        92.668793405781656     
   2.5000000000000000        105.98698269727548     
   2.5000000000000000        118.72857556534493     
   2.5000000000000000        128.94178040247405     
   2.5000000000000000        67.554123478638473     
   2.5000000000000000        86.248841052846501     
   2.5000000000000000        81.994239369321775     
   2.5000000000000000        127.38073382503548     
   2.5000000000000000        112.76936665624754     
   2.5000000000000000        77.580314060412817     
   2.5000000000000000        89.901399568617663     
   2.5000000000000000        70.130766275989814     
   2.5000000000000000        109.42862738674290     
   2.5000000000000000        110.21213089134295     
   2.5000000000000000        114.55765336603180     
   2.5000000000000000        91.512954608601305     
   2.5000000000000000        63.963912146794684     
   2.5000000000000000        146.13210677798259     
   2.5000000000000000        112.50370024828975     
   2.5000000000000000        78.130682008248414     
   2.5000000000000000        89.577403913574216     
   2.5000000000000000        64.453881557285811     
   2.5000000000000000        114.63946212926051     
   2.5000000000000000        121.13874989312384     
   2.5000000000000000        82.869335252395459     
   2.5000000000000000        80.438462586257700     
   2.5000000000000000        104.09828887370577     
   2.5000000000000000        70.913586558527925     
   2.5000000000000000        71.930839039264654     
   2.5000000000000000        115.00997161146091     
   2.5000000000000000        80.459368401903390     
   2.5000000000000000        164.52396576666388     
   2.5000000000000000        59.056116733607006     
   3.0000000000000000        85.455131990497449     
   3.0000000000000000        205.81156734699124     
   3.0000000000000000        68.852941218782632     
   3.0000000000000000        115.98797417590886     
   3.0000000000000000        136.28893373287147     
   3.0000000000000000        102.00099404897554     
   3.0000000000000000        287.75173999451971     
   3.0000000000000000        106.78692259223777     
   3.0000000000000000        216.11734296276066     
   3.0000000000000000        133.85521975995596     
   3.0000000000000000        121.71419795477281     
   3.0000000000000000        109.92765382611336     
   3.0000000000000000        114.36095336619213     
   3.0000000000000000        94.862712327914750     
   3.0000000000000000        63.088419361914490     
   3.0000000000000000        120.92295041992826     
   3.0000000000000000        107.35131272767626     
   3.0000000000000000        115.84311833928621     
   3.0000000000000000        266.73563857087680     
   3.0000000000000000        97.939233855843398     
   3.0000000000000000        172.01211491966345     
   3.0000000000000000        123.67357904837507     
   3.0000000000000000        115.49404710396173     
   3.0000000000000000        74.779867131205677     
   3.0000000000000000        102.19408473612620     
   3.0000000000000000        99.014703700329903     
   3.0000000000000000        140.54788010085471     
   3.0000000000000000        122.23751614060662     
   3.0000000000000000        95.616913467597485     
   3.0000000000000000        116.84540364413813     
   3.0000000000000000        86.662753275138428     
   3.0000000000000000        80.019348118298126     
   3.0000000000000000        104.33513223994841     
   3.0000000000000000        105.37722438545943     
   3.0000000000000000        137.08629314747378     
   3.0000000000000000        58.485485211927205     
   3.0000000000000000        91.741361655137752     
   3.0000000000000000        84.249779266772478     
   3.0000000000000000        94.754206778497561     
   3.0000000000000000        94.569136440148284     
   3.0000000000000000        76.204404881860597     
   3.0000000000000000        81.471741861898664     
   3.0000000000000000        75.008901196586237     
   3.0000000000000000        114.23357799315625     
   3.0000000000000000        116.13810601249585     
   3.0000000000000000        110.89154143248248     
   3.0000000000000000        88.500081289504436     
   3.0000000000000000        63.541192602562234     
   3.0000000000000000        127.76023624547572     
   3.0000000000000000        112.83691960642628     
   3.0000000000000000        79.074528415194337     
   3.0000000000000000        97.472780946437140     
   3.0000000000000000        61.928686421706637     
   3.0000000000000000        87.517911472352566     
   3.0000000000000000        128.41965041456908     
   3.0000000000000000        87.019464345531986     
   3.0000000000000000        76.606276204051525     
   3.0000000000000000        97.013563614225220     
   3.0000000000000000        70.904884281251867     
   3.0000000000000000        58.004767629915996     
   3.0000000000000000        114.23085416444523     
   3.0000000000000000        79.016383362419802     
   3.0000000000000000        143.67927523924726     
   3.0000000000000000        60.163398759176580     
   3.5000000000000000        81.073162549025767     
   3.5000000000000000        167.90596190981455     
   3.5000000000000000        74.142508844918112     
   3.5000000000000000        96.836631861830114     
   3.5000000000000000        107.11801286698784     
   3.5000000000000000        88.995134711354737     
   3.5000000000000000        159.70319852018193     
   3.5000000000000000        106.29274877139511     
   3.5000000000000000        149.27472702957488     
   3.5000000000000000        99.188000083858640     
   3.5000000000000000        118.43612848666415     
   3.5000000000000000        108.58949890238667     
   3.5000000000000000        102.04846869847162     
   3.5000000000000000        102.46375696327716     
   3.5000000000000000        63.865903939274475     
   3.5000000000000000        112.75571342979428     
   3.5000000000000000        94.626674817871034     
   3.5000000000000000        115.80453203927142     
   3.5000000000000000        193.48900287950343     
   3.5000000000000000        101.39304105588695     
   3.5000000000000000        135.68539589462455     
   3.5000000000000000        96.016838556566526     
   3.5000000000000000        105.00105358460137     
   3.5000000000000000        71.485792151642258     
   3.5000000000000000        103.87311658234212     
   3.5000000000000000        88.670257231563369     
   3.5000000000000000        120.97290077405319     
   3.5000000000000000        115.54564697980427     
   3.5000000000000000        86.043212647296841     
   3.5000000000000000        101.45718023824014     
   3.5000000000000000        77.558229337368999     
   3.5000000000000000        75.284395573871933     
   3.5000000000000000        97.614247253129079     
   3.5000000000000000        94.517161209081351     
   3.5000000000000000        114.25376230623002     
   3.5000000000000000        63.835240322776443     
   3.5000000000000000        79.567014387240491     
   3.5000000000000000        79.180748583133351     
   3.5000000000000000        92.169608629609385     
   3.5000000000000000        88.146599246995578     
   3.5000000000000000        69.649486688404792     
   3.5000000000000000        75.986688738630562     
   3.5000000000000000        64.857228133393178     
   3.5000000000000000        101.19487974650654     
   3.5000000000000000        98.480176757385948     
   3.5000000000000000        104.38942115860151     
   3.5000000000000000        82.421760721374255     
   3.5000000000000000        60.645647248333582     
   3.5000000000000000        147.94544881717880     
   3.5000000000000000        108.61173294315557     
   3.5000000000000000        70.110849682561181     
   3.5000000000000000        84.858402712150948     
   3.5000000000000000        55.409581069851036     
   3.5000000000000000        81.582597987174452     
   3.5000000000000000        125.75390181157368     
   3.5000000000000000        79.705073792931699     
   3.5000000000000000        76.383164513346784     
   3.5000000000000000        82.673485101352469     
   3.5000000000000000        74.618633964576375     
   3.5000000000000000        69.499464863444231     
   3.5000000000000000        102.12918576004856     
   3.5000000000000000        88.332047738171497     
   3.5000000000000000        124.98712025324492     
   3.5000000000000000        64.970073325193212     
   4.0000000000000000        70.173308996090512     
   4.0000000000000000        151.46996395304700     
   4.0000000000000000        67.599663970154438     
   4.0000000000000000        87.677682882146186     
   4.0000000000000000        101.40643760114828     
   4.0000000000000000        76.093094367130007     
   4.0000000000000000        157.08489875223233     
   4.0000000000000000        97.301517945183548     
   4.0000000000000000        145.59305469043687     
   4.0000000000000000        81.074283103951842     
   4.0000000000000000        108.68571891823292     
   4.0000000000000000        86.952893386556909     
   4.0000000000000000        95.558995650357417     
   4.0000000000000000        88.298152920522796     
   4.0000000000000000        57.116322956101492     
   4.0000000000000000        102.28240060698791     
   4.0000000000000000        102.19406812911102     
   4.0000000000000000        98.722732692132652     
   4.0000000000000000        171.50598102584846     
   4.0000000000000000        87.876472335316436     
   4.0000000000000000        140.17849841625824     
   4.0000000000000000        95.413899183723856     
   4.0000000000000000        103.21576712654462     
   4.0000000000000000        71.700039830692830     
   4.0000000000000000        88.781773944924325     
   4.0000000000000000        83.804180307130721     
   4.0000000000000000        115.97033044747356     
   4.0000000000000000        108.10988917000947     
   4.0000000000000000        73.551061131348632     
   4.0000000000000000        95.781601511325547     
   4.0000000000000000        76.541984360476633     
   4.0000000000000000        71.051569322360507     
   4.0000000000000000        88.918982611798654     
   4.0000000000000000        89.340305897047571     
   4.0000000000000000        112.66493499195020     
   4.0000000000000000        62.577649842495241     
   4.0000000000000000        78.360776925401609     
   4.0000000000000000        76.966106534604549     
   4.0000000000000000        97.639524709325102     
   4.0000000000000000        77.644430532667755     
   4.0000000000000000        64.558264373442384     
   4.0000000000000000        74.629612488819134     
   4.0000000000000000        57.960931150407177     
   4.0000000000000000        87.621030602896454     
   4.0000000000000000        98.900129382864833     
   4.0000000000000000        94.254309739787075     
   4.0000000000000000        84.710583468213770     
   4.0000000000000000        57.794624057931820     
   4.0000000000000000        116.79604326654180     
   4.0000000000000000        90.752217468531924     
   4.0000000000000000        65.369520870355217     
   4.0000000000000000        80.761035028745567     
   4.0000000000000000        52.440967736235230     
   4.0000000000000000        84.090851805998000     
   4.0000000000000000        95.322532446267076     
   4.0000000000000000        69.550223449111300     
   4.0000000000000000        66.970411117459420     
   4.0000000000000000        85.595585576273720     
   4.0000000000000000        69.907758699155224     
   4.0000000000000000        66.058309168267485     
   4.0000000000000000        95.208036662983901     
   4.0000000000000000        80.451033760205831     
   4.0000000000000000        110.05217325685747     
   4.0000000000000000        64.504636119699370     
   4.5000000000000000        72.866213746845204     
   4.5000000000000000        128.64748989285212     
   4.5000000000000000        70.173059325577043     
   4.5000000000000000        88.674210098413170     
   4.5000000000000000        89.448814237510902     
   4.5000000000000000        80.474310877330282     
   4.5000000000000000        129.56824698397594     
   4.5000000000000000        83.653440142597560     
   4.5000000000000000        129.79692600349762     
   4.5000000000000000        84.831805010379426     
   4.5000000000000000        98.552768881978167     
   4.5000000000000000        91.204956843268519     
   4.5000000000000000        82.661320500547120     
   4.5000000000000000        88.384458774328110     
   4.5000000000000000        48.038865859658621     
   4.5000000000000000        98.099322429253320     
   4.5000000000000000        98.009048012974205     
   4.5000000000000000        91.137964204844067     
   4.5000000000000000        166.53312064734749     
   4.5000000000000000        86.663482391808401     
   4.5000000000000000        127.59090985586138     
   4.5000000000000000        88.818157231171838     
   4.5000000000000000        92.965771506583593     
   4.5000000000000000        67.951615841832023     
   4.5000000000000000        86.953996930152954     
   4.5000000000000000        83.458624100476143     
   4.5000000000000000        109.45012656364769     
   4.5000000000000000        99.820185651319804     
   4.5000000000000000        78.039657451223420     
   4.5000000000000000        88.441512093041908     
   4.5000000000000000        70.485536935868765     
   4.5000000000000000        68.926925209320203     
   4.5000000000000000        84.395070205535632     
   4.5000000000000000        92.317751802593392     
   4.5000000000000000        109.23361868973325     
   4.5000000000000000        54.321163450040181     
   4.5000000000000000        71.731702628397954     
   4.5000000000000000        74.725830137160685     
   4.5000000000000000        85.775584817972273     
   4.5000000000000000        73.569353042852654     
   4.5000000000000000        61.192204830801700     
   4.5000000000000000        66.786968733063603     
   4.5000000000000000        60.434533240740343     
   4.5000000000000000        76.758332128268123     
   4.5000000000000000        86.188373916292804     
   4.5000000000000000        93.650340340920479     
   4.5000000000000000        75.845774339060256     
   4.5000000000000000        55.330212890719032     
   4.5000000000000000        115.87535155180197     
   4.5000000000000000        97.732429992482778     
   4.5000000000000000        67.880989633631927     
   4.5000000000000000        75.669191964782271     
   4.5000000000000000        57.212598379569862     
   4.5000000000000000        75.013579026838030     
   4.5000000000000000        99.759156719449038     
   4.5000000000000000        67.548350771153977     
   4.5000000000000000        70.989034861257736     
   4.5000000000000000        83.520255061209923     
   4.5000000000000000        67.231924762087559     
   4.5000000000000000        65.320317115536938     
   4.5000000000000000        95.799482616920415     
   4.5000000000000000        74.910440673520597     
   4.5000000000000000        106.83744270201248     
   4.5000000000000000        61.050686425225564     
   5.0000000000000000        65.460726726338933     
   5.0000000000000000        131.28220870020408     
   5.0000000000000000        66.953401240499886     
   5.0000000000000000        80.466177924643020     
   5.0000000000000000        96.193271504772241     
   5.0000000000000000        69.521713766732617     
   5.0000000000000000        148.70202675034932     
   5.0000000000000000        73.224211496651947     
   5.0000000000000000        118.87313156052552     
   5.0000000000000000        78.514785607067040     
   5.0000000000000000        100.52253783088227     
   5.0000000000000000        82.194890373742624     
   5.0000000000000000        74.600579194146405     
   5.0000000000000000        86.581455099272745     
   5.0000000000000000        49.516625183415599     
   5.0000000000000000        93.953949896652375     
   5.0000000000000000        90.668086322684019     
   5.0000000000000000        91.310222513450910     
   5.0000000000000000        128.07390675030061     
   5.0000000000000000        75.158621613370528     
   5.0000000000000000        106.81475858186579     
   5.0000000000000000        79.221670579534674     
   5.0000000000000000        73.645639981509319     
   5.0000000000000000        67.427555963586457     
   5.0000000000000000        79.014194380398962     
   5.0000000000000000        74.371357458618903     
   5.0000000000000000        96.210944957502974     
   5.0000000000000000        99.891957708670674     
   5.0000000000000000        63.178858557986700     
   5.0000000000000000        86.560759488070360     
   5.0000000000000000        69.624488619412190     
   5.0000000000000000        60.532099577711669     
   5.0000000000000000        78.698160132073568     
   5.0000000000000000        89.649766808454402     
   5.0000000000000000        99.958537226454425     
   5.0000000000000000        48.365809457755013     
   5.0000000000000000        70.417176723300400     
   5.0000000000000000        71.519145499383981     
   5.0000000000000000        84.194488806488835     
   5.0000000000000000        75.265338943489070     
   5.0000000000000000        59.921196315338349     
   5.0000000000000000        64.375614282807348     
   5.0000000000000000        64.845973029813507     
   5.0000000000000000        77.903755902957457     
   5.0000000000000000        83.970951648761812     
   5.0000000000000000        85.788468859143535     
   5.0000000000000000        75.160770830370836     
   5.0000000000000000        50.267037869397868     
   5.0000000000000000        102.50267353824651     
   5.0000000000000000        91.235732807156168     
   5.0000000000000000        61.884001339792327     
   5.0000000000000000        65.812751858900015     
   5.0000000000000000        50.615046243055531     
   5.0000000000000000        74.904710926631381     
   5.0000000000000000        90.797865145472286     
   5.0000000000000000        71.618776908770883     
   5.0000000000000000        70.357767043405303     
   5.0000000000000000        77.439943414960837     
   5.0000000000000000        59.118781002345592     
   5.0000000000000000        57.513914122698033     
   5.0000000000000000        91.597796955121098     
   5.0000000000000000        68.167606674673038     
   5.0000000000000000        102.87406358427482     
   5.0000000000000000        50.952512526576434     
