   1.0000000000000005E-002  -2.0711867064821523        90.3820038       3.37199998    
   3.0000000000000023E-002  -106.37731290178506        90.3820038       3.37199998    
   4.9999999999999947E-002  -9.5995244908712891        90.3820038       3.37199998    
   9.9999999999999895E-002   5.9274288783550988        90.3820038       3.37199998    
  0.30000000000000038        33.348862182989329        90.3820038       3.37199998    
  0.50000000000000000        288.63579285082142        90.3820038       3.37199998    
  0.70000000000000051       -162.84177323703221        90.3820038       3.37199998    
   1.0000000000000000        593.76408163178849        90.3820038       3.37199998    
   1.5000000000000000        93.901827012380394        90.3820038       3.37199998    
   2.0000000000000000        136.25432213454397        90.3820038       3.37199998    
   2.5000000000000000        117.86483719805028        90.3820038       3.37199998    
   3.0000000000000000        109.04673308560399        90.3820038       3.37199998    
   3.5000000000000000        97.282457240314017        90.3820038       3.37199998    
   4.0000000000000000        89.955340209020349        90.3820038       3.37199998    
   4.5000000000000000        85.545795182611272        90.3820038       3.37199998    
   5.0000000000000000        80.093171130291310        90.3820038       3.37199998    
