   1.0000000000000000E-002   2.6891846212574073E-003
   1.0000000000000000E-002  -4.2813639234465760E-003
   1.0000000000000000E-002   6.2600414186991899E-003
   1.0000000000000000E-002  -1.5904475822957089E-003
   1.0000000000000000E-002  -1.3027647726908842E-003
   1.0000000000000000E-002   1.3925236504330727E-003
   1.0000000000000000E-002  -3.7338213845466918E-003
   1.0000000000000000E-002  -1.8463959340246085E-003
   1.0000000000000000E-002  -4.0268059244029340E-003
   1.0000000000000000E-002   1.1699276702126804E-003
   1.0000000000000000E-002  -5.2728109550216954E-004
   1.0000000000000000E-002   3.4784186226564156E-003
   1.0000000000000000E-002  -1.5888441987778248E-003
   1.0000000000000000E-002  -1.7922376165211006E-003
   1.0000000000000000E-002   8.0662068406494756E-004
   1.0000000000000000E-002  -2.3514343579183992E-003
   1.0000000000000000E-002  -4.0910668182330169E-003
   1.0000000000000000E-002  -1.7681712964673173E-003
   1.0000000000000000E-002  -6.2176398442588873E-003
   1.0000000000000000E-002  -4.8661587255414073E-004
   1.0000000000000000E-002  -2.2245962210199360E-003
   1.0000000000000000E-002  -1.8751421840803523E-003
   1.0000000000000000E-002  -5.3982678717803519E-003
   1.0000000000000000E-002   4.5377851113904814E-004
   1.0000000000000000E-002  -3.0038793160077908E-003
   1.0000000000000000E-002   8.2766993598436646E-004
   1.0000000000000000E-002  -1.7485124535964434E-003
   1.0000000000000000E-002  -3.5434965641936954E-003
   1.0000000000000000E-002   4.3113000837241447E-004
   1.0000000000000000E-002  -4.4370073837237461E-003
   1.0000000000000000E-002  -1.8643832055170613E-003
   1.0000000000000000E-002   2.7528273064366224E-003
   1.0000000000000000E-002  -1.6875950173150261E-005
   1.0000000000000000E-002   8.8644322127661552E-004
   1.0000000000000000E-002  -1.1975098200249033E-003
   1.0000000000000000E-002   4.9804362680633627E-003
   1.0000000000000000E-002  -2.2086772981983554E-003
   1.0000000000000000E-002  -4.2714958400539883E-003
   1.0000000000000000E-002  -2.3932763081088667E-003
   1.0000000000000000E-002   2.5585416465772519E-003
   1.0000000000000000E-002   2.7143934663045473E-003
   1.0000000000000000E-002   1.0346771238761553E-003
   1.0000000000000000E-002   2.0738005426884421E-003
   1.0000000000000000E-002  -3.5776113854979573E-005
   1.0000000000000000E-002  -1.1460928268935205E-003
   1.0000000000000000E-002  -2.4876337218904419E-003
   1.0000000000000000E-002   1.5375876557570428E-003
   1.0000000000000000E-002   5.1008147991405900E-003
   1.0000000000000000E-002  -3.3794325601977050E-003
   1.0000000000000000E-002  -1.6696199483777806E-003
   1.0000000000000000E-002  -1.0011061498419683E-003
   1.0000000000000000E-002   2.4839404220324511E-003
   1.0000000000000000E-002   1.9557145719885688E-003
   1.0000000000000000E-002   1.4585266850268932E-003
   1.0000000000000000E-002  -1.9030993988986404E-003
   1.0000000000000000E-002   1.1963313306480039E-003
   1.0000000000000000E-002   3.7052269716112931E-004
   1.0000000000000000E-002   1.7327291732792134E-003
   1.0000000000000000E-002   2.0106864577946332E-003
   1.0000000000000000E-002   3.1253744277288630E-003
   1.0000000000000000E-002  -2.5128075430376874E-003
   1.0000000000000000E-002   7.1218230271024642E-004
   1.0000000000000000E-002  -1.6624502318831893E-003
   1.0000000000000000E-002   3.4695519167344795E-003
   2.9999999999999999E-002   1.8629928976620302E-003
   2.9999999999999999E-002  -2.8291651192943160E-003
   2.9999999999999999E-002   1.9445471745809097E-003
   2.9999999999999999E-002   5.0399069448949516E-004
   2.9999999999999999E-002   1.9135902247958778E-003
   2.9999999999999999E-002  -2.6283290167613813E-005
   2.9999999999999999E-002  -1.3028211504840747E-003
   2.9999999999999999E-002  -2.5634822122772786E-004
   2.9999999999999999E-002  -3.7591374732495108E-003
   2.9999999999999999E-002  -4.6212516521252045E-004
   2.9999999999999999E-002   5.0599296105397341E-004
   2.9999999999999999E-002   1.2945178777891305E-003
   2.9999999999999999E-002  -4.2552702708218764E-003
   2.9999999999999999E-002  -2.7379257815347540E-003
   2.9999999999999999E-002   5.1238431462790847E-003
   2.9999999999999999E-002  -1.5603987101202854E-003
   2.9999999999999999E-002  -1.9832403582456350E-004
   2.9999999999999999E-002  -1.6700861014717107E-003
   2.9999999999999999E-002  -8.1023836200988996E-004
   2.9999999999999999E-002  -2.3287687718991637E-003
   2.9999999999999999E-002  -1.1960451580156661E-003
   2.9999999999999999E-002   7.0237811335310959E-004
   2.9999999999999999E-002  -3.1121364946443044E-003
   2.9999999999999999E-002   2.0694461476632739E-003
   2.9999999999999999E-002  -1.8581527827612218E-003
   2.9999999999999999E-002  -7.4199770703273281E-004
   2.9999999999999999E-002  -7.4392983664247183E-004
   2.9999999999999999E-002  -1.4874471267971770E-003
   2.9999999999999999E-002  -2.3801997602707851E-006
   2.9999999999999999E-002  -4.0482223106747862E-004
   2.9999999999999999E-002   2.8685982821419068E-004
   2.9999999999999999E-002   6.0737657530950031E-004
   2.9999999999999999E-002  -1.7197897860343077E-003
   2.9999999999999999E-002  -2.3665462231820633E-003
   2.9999999999999999E-002  -5.6483936660455007E-003
   2.9999999999999999E-002   3.2132919030469984E-003
   2.9999999999999999E-002   2.3545074663846718E-003
   2.9999999999999999E-002   2.6939580692928269E-003
   2.9999999999999999E-002  -2.8831404857255238E-003
   2.9999999999999999E-002  -2.0952988475567694E-004
   2.9999999999999999E-002   1.0261900780132098E-003
   2.9999999999999999E-002   3.7288490657389362E-004
   2.9999999999999999E-002   2.1934466082361237E-003
   2.9999999999999999E-002   2.2326240537233486E-003
   2.9999999999999999E-002  -5.6159866514952136E-004
   2.9999999999999999E-002   1.1083190298926389E-003
   2.9999999999999999E-002  -1.4850826566731238E-003
   2.9999999999999999E-002   7.5338384286506074E-003
   2.9999999999999999E-002  -1.5736043949727179E-003
   2.9999999999999999E-002   2.8006623753939462E-003
   2.9999999999999999E-002   3.2466006834760198E-003
   2.9999999999999999E-002  -1.0440775068086040E-003
   2.9999999999999999E-002   1.4913024525384478E-003
   2.9999999999999999E-002   2.7157539690748503E-003
   2.9999999999999999E-002  -1.4166553640266327E-004
   2.9999999999999999E-002   1.7860187222066564E-003
   2.9999999999999999E-002  -9.7845055474440385E-005
   2.9999999999999999E-002  -1.2512858382442555E-003
   2.9999999999999999E-002   2.0394188057712859E-003
   2.9999999999999999E-002   4.2742209980888880E-003
   2.9999999999999999E-002  -1.6389326810054092E-004
   2.9999999999999999E-002  -5.4271646511203748E-004
   2.9999999999999999E-002   5.1288798818436275E-004
   2.9999999999999999E-002   3.9470722229890016E-003
   5.0000000000000003E-002   2.6100708088359209E-004
   5.0000000000000003E-002  -4.3659033437950748E-003
   5.0000000000000003E-002   5.5036244385808558E-004
   5.0000000000000003E-002  -2.3567320559904027E-003
   5.0000000000000003E-002  -8.8904539480679545E-005
   5.0000000000000003E-002  -5.7402850835671509E-004
   5.0000000000000003E-002  -4.5437382981834071E-003
   5.0000000000000003E-002   2.8764974144174010E-003
   5.0000000000000003E-002  -4.9363889599362077E-003
   5.0000000000000003E-002  -1.8730526060501849E-004
   5.0000000000000003E-002   1.0542154241693193E-003
   5.0000000000000003E-002  -2.8421790558055332E-003
   5.0000000000000003E-002  -2.6857540355618999E-004
   5.0000000000000003E-002  -2.6587552027753023E-003
   5.0000000000000003E-002   2.7064703004704670E-003
   5.0000000000000003E-002   1.0310306217912485E-003
   5.0000000000000003E-002  -1.2372183897421442E-003
   5.0000000000000003E-002   3.8377213842108536E-004
   5.0000000000000003E-002  -3.9417212884521350E-003
   5.0000000000000003E-002  -1.6326404186385120E-003
   5.0000000000000003E-002  -2.0468320112900316E-003
   5.0000000000000003E-002  -1.6611768771520740E-003
   5.0000000000000003E-002  -2.2984625358525800E-003
   5.0000000000000003E-002  -1.7968979727784697E-003
   5.0000000000000003E-002   1.0454159904595703E-003
   5.0000000000000003E-002   3.3793314866330595E-003
   5.0000000000000003E-002  -4.3575702874158861E-003
   5.0000000000000003E-002  -3.4141768556935270E-003
   5.0000000000000003E-002   1.5646762632715121E-003
   5.0000000000000003E-002  -4.3171659061728455E-003
   5.0000000000000003E-002   3.1698329431666577E-003
   5.0000000000000003E-002   6.5593874425800809E-004
   5.0000000000000003E-002   1.5749094009531596E-003
   5.0000000000000003E-002  -2.1560359277755054E-003
   5.0000000000000003E-002  -2.1248371085824673E-003
   5.0000000000000003E-002   4.4276662195345158E-003
   5.0000000000000003E-002   4.3679964770297749E-004
   5.0000000000000003E-002  -3.2748169655100461E-004
   5.0000000000000003E-002  -3.5580419562990699E-003
   5.0000000000000003E-002   6.3051232914703163E-004
   5.0000000000000003E-002   9.2685729997953482E-004
   5.0000000000000003E-002   1.5857228937462102E-003
   5.0000000000000003E-002  -5.6173797675304713E-004
   5.0000000000000003E-002  -1.1411765335475369E-003
   5.0000000000000003E-002  -3.1816958908807451E-003
   5.0000000000000003E-002  -9.4680299456407666E-004
   5.0000000000000003E-002  -1.2515621761442480E-003
   5.0000000000000003E-002   3.2411107236248360E-003
   5.0000000000000003E-002  -6.4727963916979972E-004
   5.0000000000000003E-002  -3.3060998933370897E-004
   5.0000000000000003E-002   3.2736880023882995E-003
   5.0000000000000003E-002   3.0830024103355447E-003
   5.0000000000000003E-002   4.1313902495015587E-003
   5.0000000000000003E-002  -8.0035450167236985E-004
   5.0000000000000003E-002   9.5489612009895769E-004
   5.0000000000000003E-002   1.1534015554761686E-003
   5.0000000000000003E-002   6.2631007081768108E-004
   5.0000000000000003E-002   6.4345171158245210E-004
   5.0000000000000003E-002   7.8464544037941571E-004
   5.0000000000000003E-002   3.3008028818341268E-003
   5.0000000000000003E-002  -2.4135006504934259E-003
   5.0000000000000003E-002  -1.7618456611594416E-003
   5.0000000000000003E-002  -1.1796057906137212E-003
   5.0000000000000003E-002   3.1876425489561688E-003
  0.10000000000000001        2.3647696194492689E-003
  0.10000000000000001       -2.2352121967070108E-003
  0.10000000000000001        1.4760576031744444E-003
  0.10000000000000001        5.8966670438817569E-004
  0.10000000000000001       -4.5683422937955521E-005
  0.10000000000000001        1.1989976932222104E-003
  0.10000000000000001       -1.6871859201477433E-003
  0.10000000000000001        1.8106746000190674E-003
  0.10000000000000001       -1.7347545973758775E-003
  0.10000000000000001       -8.1187889599525264E-004
  0.10000000000000001        9.6316023561875705E-004
  0.10000000000000001        1.9757389565184898E-004
  0.10000000000000001       -2.7452195106746321E-003
  0.10000000000000001        9.5097959353645037E-004
  0.10000000000000001        5.1167081022596428E-003
  0.10000000000000001       -3.1684740487430830E-003
  0.10000000000000001       -3.0177005083267898E-003
  0.10000000000000001       -1.1302959706958081E-003
  0.10000000000000001       -1.2577277508207883E-003
  0.10000000000000001       -5.0223475579829326E-004
  0.10000000000000001       -1.5238077851431608E-003
  0.10000000000000001        2.3503096027023703E-005
  0.10000000000000001       -1.2078816241247251E-003
  0.10000000000000001        2.4942564696447404E-003
  0.10000000000000001       -1.8295062258273241E-003
  0.10000000000000001       -1.7669094311991649E-004
  0.10000000000000001       -2.5302347935369771E-003
  0.10000000000000001        6.5587113157754588E-004
  0.10000000000000001        4.2831115904401976E-003
  0.10000000000000001       -1.5278268483104247E-003
  0.10000000000000001        1.3830769483865277E-003
  0.10000000000000001        2.3642341528900849E-003
  0.10000000000000001       -4.1695803545664688E-004
  0.10000000000000001       -2.4346877367884662E-004
  0.10000000000000001       -2.5631721162572020E-004
  0.10000000000000001        4.4143105188764551E-003
  0.10000000000000001        4.3569980324126246E-004
  0.10000000000000001        6.2126536433328579E-005
  0.10000000000000001        2.0432172824560047E-003
  0.10000000000000001       -8.3794999219495483E-004
  0.10000000000000001        1.0653618615861882E-003
  0.10000000000000001        1.6635013673111172E-003
  0.10000000000000001        3.1991637269983830E-003
  0.10000000000000001       -3.3841671546685207E-005
  0.10000000000000001       -1.0081669663046583E-003
  0.10000000000000001       -3.4650184462765648E-004
  0.10000000000000001        2.7057158629414527E-003
  0.10000000000000001        5.7909719925394142E-003
  0.10000000000000001       -3.1985759331080679E-004
  0.10000000000000001        3.9701471656149829E-004
  0.10000000000000001        2.4130359326185145E-003
  0.10000000000000001        2.4915340351399978E-003
  0.10000000000000001        3.6204429334836851E-003
  0.10000000000000001       -2.2395620017138188E-003
  0.10000000000000001       -1.1814363642691506E-003
  0.10000000000000001        5.2489104705525837E-003
  0.10000000000000001        3.1041482574774354E-003
  0.10000000000000001        2.5673094100886482E-003
  0.10000000000000001        1.6314184064402859E-003
  0.10000000000000001        1.6025020886378070E-003
  0.10000000000000001       -1.7019637461024577E-003
  0.10000000000000001        8.5210708137648525E-004
  0.10000000000000001       -2.7454522647761754E-004
  0.10000000000000001        5.9425720118761027E-003
  0.29999999999999999        4.1357095667839110E-003
  0.29999999999999999       -4.8294619519660756E-003
  0.29999999999999999        1.1372816392865518E-003
  0.29999999999999999        5.1853859813556888E-004
  0.29999999999999999        1.5136727286186986E-003
  0.29999999999999999        2.1513393855648885E-004
  0.29999999999999999       -3.2056843837339984E-003
  0.29999999999999999        1.1731926480177881E-003
  0.29999999999999999       -1.8806265082802784E-003
  0.29999999999999999        1.9881159289824369E-003
  0.29999999999999999        1.1545969160682049E-003
  0.29999999999999999        1.6964326826361350E-003
  0.29999999999999999       -1.4241269286071564E-003
  0.29999999999999999       -9.6299932476087886E-004
  0.29999999999999999        3.1656321532585428E-003
  0.29999999999999999        8.2660457133351662E-004
  0.29999999999999999        2.2260430404179846E-004
  0.29999999999999999       -7.2497137536586603E-004
  0.29999999999999999       -5.1841862413839184E-003
  0.29999999999999999        2.5677865026947798E-003
  0.29999999999999999        1.0758622084724918E-003
  0.29999999999999999       -2.3303856858617939E-003
  0.29999999999999999       -8.1009128116853223E-004
  0.29999999999999999       -9.5505448290238875E-005
  0.29999999999999999        4.8689498165923689E-004
  0.29999999999999999       -8.9980194915871960E-004
  0.29999999999999999       -1.1575890819040837E-003
  0.29999999999999999        2.0399386975090833E-003
  0.29999999999999999        2.4467519940511717E-003
  0.29999999999999999        9.3019720740161141E-004
  0.29999999999999999        3.8103540356208285E-003
  0.29999999999999999        2.0046744319508394E-003
  0.29999999999999999        9.3502262913533127E-004
  0.29999999999999999        3.0523177123399181E-004
  0.29999999999999999        4.9526202074564847E-004
  0.29999999999999999        6.1869018397468067E-003
  0.29999999999999999        1.1899307603317126E-003
  0.29999999999999999        1.4175604659709940E-003
  0.29999999999999999        6.8175698760859489E-004
  0.29999999999999999        1.6178201366842199E-004
  0.29999999999999999        3.0874533358112867E-003
  0.29999999999999999        3.3297394617904388E-003
  0.29999999999999999        1.6393886982893418E-003
  0.29999999999999999        5.9056934085193391E-004
  0.29999999999999999       -1.1878920850265525E-003
  0.29999999999999999        8.6873117937473487E-004
  0.29999999999999999        8.6835322875025874E-004
  0.29999999999999999        2.7574632738550553E-003
  0.29999999999999999       -1.0563882523088896E-003
  0.29999999999999999        1.7290378467496096E-003
  0.29999999999999999        6.2178574072879180E-004
  0.29999999999999999        2.2750628469607312E-003
  0.29999999999999999        2.8151619630460683E-003
  0.29999999999999999        3.4238936849592541E-003
  0.29999999999999999       -1.8174898152965215E-003
  0.29999999999999999        2.1266509085040033E-003
  0.29999999999999999       -1.3009878839400035E-004
  0.29999999999999999        2.1837863544324596E-003
  0.29999999999999999        3.8523669775605163E-003
  0.29999999999999999        1.9698946516257909E-003
  0.29999999999999999       -2.0766056287002759E-003
  0.29999999999999999        1.3922181498282576E-003
  0.29999999999999999       -3.0040569308078021E-003
  0.29999999999999999        6.9521487221472274E-003
  0.50000000000000000        3.8129256584874252E-003
  0.50000000000000000       -1.7490588995634397E-003
  0.50000000000000000        2.0271471231166202E-003
  0.50000000000000000        5.7362324074075176E-004
  0.50000000000000000       -2.1575679214378080E-004
  0.50000000000000000        9.4587005961453523E-004
  0.50000000000000000       -2.2913836977168063E-003
  0.50000000000000000        1.8072826633615943E-003
  0.50000000000000000       -3.0326558806095978E-003
  0.50000000000000000        4.4380381658784065E-003
  0.50000000000000000        1.2060505681484317E-004
  0.50000000000000000        1.8679148271785929E-004
  0.50000000000000000        2.9728458835728974E-004
  0.50000000000000000        1.1707924025821034E-003
  0.50000000000000000        4.2292921876741895E-003
  0.50000000000000000       -1.6918556438071455E-004
  0.50000000000000000       -3.2071120391117137E-004
  0.50000000000000000        1.2082327892886313E-003
  0.50000000000000000       -1.3801000441494946E-004
  0.50000000000000000        2.0084408044003768E-003
  0.50000000000000000        5.0627837530169020E-004
  0.50000000000000000        2.1585384572967142E-003
  0.50000000000000000        2.7744236263065407E-003
  0.50000000000000000        3.0804601101319037E-003
  0.50000000000000000       -2.3132093193948966E-004
  0.50000000000000000        2.1353676396587539E-003
  0.50000000000000000        9.6961581157947035E-004
  0.50000000000000000        6.8232823885195628E-004
  0.50000000000000000        3.0107624719723377E-003
  0.50000000000000000       -9.5439549176750272E-004
  0.50000000000000000        1.5120543343721646E-003
  0.50000000000000000        1.8264067491169877E-003
  0.50000000000000000        1.1727432646282134E-003
  0.50000000000000000        1.2451737938609271E-003
  0.50000000000000000        1.3826318703729687E-005
  0.50000000000000000        7.5846880104104885E-003
  0.50000000000000000        4.7161901978001151E-003
  0.50000000000000000        2.8045576734701165E-003
  0.50000000000000000        3.3112102209209662E-003
  0.50000000000000000        4.7184385717223228E-004
  0.50000000000000000        2.3462373879071644E-003
  0.50000000000000000        2.3458400538298569E-003
  0.50000000000000000        5.1671168944441058E-003
  0.50000000000000000        2.7182202700082128E-003
  0.50000000000000000        2.0007175460640932E-003
  0.50000000000000000       -1.7333370876205392E-003
  0.50000000000000000        9.1655717275547412E-004
  0.50000000000000000        6.6119530827300991E-003
  0.50000000000000000        8.2275338315611379E-004
  0.50000000000000000        9.1744460665596494E-004
  0.50000000000000000        2.6586182072207963E-003
  0.50000000000000000        2.6792538182750215E-004
  0.50000000000000000        8.6301620446971004E-003
  0.50000000000000000        1.0449548740570913E-003
  0.50000000000000000        2.0552034898921410E-004
  0.50000000000000000        2.9021815942876948E-003
  0.50000000000000000        2.6912746346002803E-003
  0.50000000000000000        2.4213819158434035E-003
  0.50000000000000000        4.1110202316437302E-003
  0.50000000000000000        4.2693430516553934E-004
  0.50000000000000000        1.5541155255552816E-003
  0.50000000000000000        2.9533225982254691E-003
  0.50000000000000000        1.0762256206142218E-004
  0.50000000000000000        3.0302606650193928E-003
  0.69999999999999996        3.2189461559420651E-003
  0.69999999999999996       -4.4992166281644246E-004
  0.69999999999999996        3.2622800161087218E-003
  0.69999999999999996        2.2005062293249940E-003
  0.69999999999999996       -1.0359873495874117E-003
  0.69999999999999996        2.1878863432314116E-003
  0.69999999999999996       -5.0772371647818146E-005
  0.69999999999999996        1.6826178908766175E-003
  0.69999999999999996       -2.2872059189763295E-003
  0.69999999999999996        7.2152823058993455E-004
  0.69999999999999996        3.0221701913594009E-004
  0.69999999999999996       -1.7966652542078943E-004
  0.69999999999999996       -4.7179612403972453E-005
  0.69999999999999996        9.5215006361322550E-004
  0.69999999999999996        4.5480228106977178E-003
  0.69999999999999996        3.0681371462953373E-003
  0.69999999999999996        1.8027028067965955E-003
  0.69999999999999996        7.2263682840341696E-004
  0.69999999999999996       -1.7516782117186292E-003
  0.69999999999999996        1.1862706440840273E-003
  0.69999999999999996       -5.5204515422645287E-005
  0.69999999999999996        8.7545517959885957E-004
  0.69999999999999996       -8.8886371817176071E-004
  0.69999999999999996        3.6008830073902959E-003
  0.69999999999999996        7.1704535960495771E-004
  0.69999999999999996        2.0795123822966227E-003
  0.69999999999999996        1.0256103806718670E-003
  0.69999999999999996        1.2668178544876754E-003
  0.69999999999999996        3.3639438180660076E-003
  0.69999999999999996        1.7702422012781402E-003
  0.69999999999999996        4.1115448231455014E-003
  0.69999999999999996        3.2539284026449947E-003
  0.69999999999999996        6.8990006866912965E-004
  0.69999999999999996        2.6527898589748804E-003
  0.69999999999999996        9.7078222122785256E-004
  0.69999999999999996        6.2480323537269459E-003
  0.69999999999999996        2.0939453012242702E-003
  0.69999999999999996        2.0032939491304554E-003
  0.69999999999999996        3.7277187743530553E-003
  0.69999999999999996        9.0923843093526331E-004
  0.69999999999999996        5.7380937685655373E-003
  0.69999999999999996        2.0492464097083959E-003
  0.69999999999999996        6.4363185429148814E-003
  0.69999999999999996        2.5004747972277555E-003
  0.69999999999999996        7.6792828571381260E-004
  0.69999999999999996        1.3422101287748994E-004
  0.69999999999999996        2.8097637794896016E-003
  0.69999999999999996        5.3762065921206751E-003
  0.69999999999999996       -6.0798074966787643E-004
  0.69999999999999996        5.4609940199865841E-004
  0.69999999999999996        3.4498512129387208E-003
  0.69999999999999996        2.9924466339336727E-003
  0.69999999999999996        4.8340873218230482E-003
  0.69999999999999996        1.9933716820145107E-003
  0.69999999999999996        7.0113076556227081E-004
  0.69999999999999996        4.5893249567416153E-003
  0.69999999999999996        5.0249601536597717E-003
  0.69999999999999996       -9.7238947358449087E-005
  0.69999999999999996        3.4343904262240975E-003
  0.69999999999999996        5.1046157695401528E-003
  0.69999999999999996       -1.9344905606368651E-004
  0.69999999999999996        3.3531262722492254E-003
  0.69999999999999996       -1.4555502874687867E-003
  0.69999999999999996        4.7193404112658884E-003
   1.0000000000000000        4.3327659898115744E-003
   1.0000000000000000       -1.2215778987664807E-003
   1.0000000000000000        4.7236245537310958E-003
   1.0000000000000000        9.4166831403230612E-004
   1.0000000000000000        7.8246336168908987E-004
   1.0000000000000000        3.4272923905835397E-003
   1.0000000000000000       -2.9333898101561431E-004
   1.0000000000000000        2.9547635103310274E-003
   1.0000000000000000        1.2765205927087764E-005
   1.0000000000000000        1.4112066487748560E-003
   1.0000000000000000        6.6175528149187287E-004
   1.0000000000000000        2.2234182082339947E-003
   1.0000000000000000        2.1673702017005058E-003
   1.0000000000000000        1.9721963466149783E-003
   1.0000000000000000        5.5592124125801081E-003
   1.0000000000000000        1.1186932115689896E-003
   1.0000000000000000        1.8011618598158541E-003
   1.0000000000000000        9.2315866309962955E-004
   1.0000000000000000        6.2977680552936288E-005
   1.0000000000000000        2.0554261144826373E-003
   1.0000000000000000       -4.3477345900587574E-004
   1.0000000000000000        7.4159557376542813E-004
   1.0000000000000000        1.8453594031673259E-003
   1.0000000000000000        3.5942408230176040E-003
   1.0000000000000000        1.5609583349554990E-003
   1.0000000000000000        1.6098001208695398E-003
   1.0000000000000000        1.0970246236686398E-003
   1.0000000000000000        1.3859047302373197E-003
   1.0000000000000000        4.5329871270982950E-003
   1.0000000000000000        6.9074711359356708E-004
   1.0000000000000000        2.7015932823329894E-003
   1.0000000000000000        5.5282937506253666E-003
   1.0000000000000000        3.2669084407142388E-003
   1.0000000000000000        1.9495723527637181E-003
   1.0000000000000000        9.5213903012731174E-004
   1.0000000000000000        7.0708834893743588E-003
   1.0000000000000000        4.0605777092165398E-003
   1.0000000000000000        2.3948262125151566E-003
   1.0000000000000000        1.7699133648858647E-003
   1.0000000000000000        1.7605510451707256E-003
   1.0000000000000000        3.6404124934109419E-003
   1.0000000000000000        3.6037825448615758E-003
   1.0000000000000000        5.5940511703694504E-003
   1.0000000000000000        2.3443086948127757E-003
   1.0000000000000000        1.6773248723752194E-003
   1.0000000000000000        2.8977233775933217E-003
   1.0000000000000000        2.5671077514742343E-003
   1.0000000000000000        7.1979661582779620E-003
   1.0000000000000000        2.0800074964447313E-003
   1.0000000000000000        2.7404894038714337E-003
   1.0000000000000000        4.2109303475911424E-003
   1.0000000000000000        3.1833598078008004E-003
   1.0000000000000000        9.0097206882008007E-003
   1.0000000000000000        3.0625213341781963E-003
   1.0000000000000000        2.1195338315404791E-003
   1.0000000000000000        4.8631751601118786E-003
   1.0000000000000000        3.5210007421059130E-003
   1.0000000000000000        2.4488885878985651E-003
   1.0000000000000000        4.9074409741259135E-003
   1.0000000000000000        5.5872212197173891E-003
   1.0000000000000000        1.8301878512725456E-003
   1.0000000000000000        3.3695239972251381E-003
   1.0000000000000000        1.4893951637912643E-003
   1.0000000000000000        7.7901171176667106E-003
   1.5000000000000000        3.8467673088337729E-003
   1.5000000000000000        4.3769095223955220E-004
   1.5000000000000000        5.9744243364841260E-003
   1.5000000000000000        1.8345354789226073E-003
   1.5000000000000000        2.2177559567581329E-003
   1.5000000000000000        3.0941561190609692E-003
   1.5000000000000000        2.3769330812143654E-004
   1.5000000000000000        3.2847116798102290E-003
   1.5000000000000000        1.4257892282893967E-003
   1.5000000000000000        3.3482604659033212E-003
   1.5000000000000000        1.7608807421735629E-003
   1.5000000000000000        2.9370348009669606E-003
   1.5000000000000000        2.9467849999725436E-003
   1.5000000000000000        2.3109160546519692E-003
   1.5000000000000000        7.4113772229535821E-003
   1.5000000000000000        3.2508336758456770E-003
   1.5000000000000000        3.1314293722909175E-003
   1.5000000000000000        2.7711033850996479E-003
   1.5000000000000000       -8.6089404629673309E-005
   1.5000000000000000        3.7178744717650323E-003
   1.5000000000000000        1.6899895701214570E-003
   1.5000000000000000        1.9880756253155179E-003
   1.5000000000000000        2.5160967933814159E-003
   1.5000000000000000        5.6210753356909851E-003
   1.5000000000000000        3.0137109218787749E-003
   1.5000000000000000        5.0663117213894417E-003
   1.5000000000000000        1.5760374595106834E-003
   1.5000000000000000        2.2256609001416131E-003
   1.5000000000000000        4.5047967162740610E-003
   1.5000000000000000        1.6546092774957582E-003
   1.5000000000000000        4.9280445355449742E-003
   1.5000000000000000        5.5796430532641167E-003
   1.5000000000000000        3.7575836482358891E-003
   1.5000000000000000        1.6921730009020089E-003
   1.5000000000000000        2.2925305956084064E-003
   1.5000000000000000        6.9338522032781832E-003
   1.5000000000000000        5.0211602033074943E-003
   1.5000000000000000        4.5450761316683875E-003
   1.5000000000000000        3.1171378234249088E-003
   1.5000000000000000        4.0278127984062270E-003
   1.5000000000000000        5.9379362809012836E-003
   1.5000000000000000        4.4830216442446015E-003
   1.5000000000000000        6.7689685633487194E-003
   1.5000000000000000        2.3234428100816244E-003
   1.5000000000000000        3.6022902178966271E-003
   1.5000000000000000        2.3720107751528537E-003
   1.5000000000000000        3.9067635210337844E-003
   1.5000000000000000        6.9913314995252310E-003
   1.5000000000000000        1.9669201926706616E-003
   1.5000000000000000        2.5963171265331081E-003
   1.5000000000000000        5.6733729827106727E-003
   1.5000000000000000        4.3774733750634332E-003
   1.5000000000000000        6.9885413296476443E-003
   1.5000000000000000        4.5497292482986930E-003
   1.5000000000000000        2.7060177067291967E-003
   1.5000000000000000        4.7222856807154169E-003
   1.5000000000000000        5.1965369033186984E-003
   1.5000000000000000        4.1126584960150267E-003
   1.5000000000000000        5.5360460675044727E-003
   1.5000000000000000        6.4917080049113349E-003
   1.5000000000000000        2.8094565066859676E-003
   1.5000000000000000        4.9804154306259951E-003
   1.5000000000000000        1.6429029346254754E-003
   1.5000000000000000        7.2748357101991663E-003
   2.0000000000000000        7.0076953615421760E-003
   2.0000000000000000        1.3889773390609698E-003
   2.0000000000000000        6.0139537290919681E-003
   2.0000000000000000        4.0596703410397533E-003
   2.0000000000000000        3.5226735923170010E-003
   2.0000000000000000        4.5215860559657643E-003
   2.0000000000000000        1.5564220502446075E-003
   2.0000000000000000        4.7364037150234043E-003
   2.0000000000000000        9.9573915309723589E-004
   2.0000000000000000        4.4943037985251937E-003
   2.0000000000000000        2.8113128925149407E-003
   2.0000000000000000        4.5662716765586244E-003
   2.0000000000000000        4.0813341476049177E-003
   2.0000000000000000        4.5581171224223314E-003
   2.0000000000000000        7.3217264020317419E-003
   2.0000000000000000        3.4500139966391432E-003
   2.0000000000000000        3.4019364740059195E-003
   2.0000000000000000        2.9419687962135808E-003
   2.0000000000000000        1.0028512166409529E-003
   2.0000000000000000        4.1348422334534750E-003
   2.0000000000000000        2.8532254615574377E-003
   2.0000000000000000        3.7156877205419326E-003
   2.0000000000000000        4.7538764486791518E-003
   2.0000000000000000        6.6673145867111741E-003
   2.0000000000000000        3.6548930795091130E-003
   2.0000000000000000        4.5249667175710990E-003
   2.0000000000000000        3.1727725089981682E-003
   2.0000000000000000        3.4966739732432330E-003
   2.0000000000000000        5.6122588627212297E-003
   2.0000000000000000        3.1629264478138606E-003
   2.0000000000000000        5.9149569830910520E-003
   2.0000000000000000        5.7999215399994900E-003
   2.0000000000000000        4.2479560885453132E-003
   2.0000000000000000        3.1572381294742921E-003
   2.0000000000000000        2.6944073189841661E-003
   2.0000000000000000        8.5649066503691567E-003
   2.0000000000000000        5.4350916287966731E-003
   2.0000000000000000        4.3642596448783041E-003
   2.0000000000000000        4.1556268031752875E-003
   2.0000000000000000        4.7741099793806663E-003
   2.0000000000000000        6.8312574060027673E-003
   2.0000000000000000        5.8553320696186845E-003
   2.0000000000000000        7.0909705410379326E-003
   2.0000000000000000        4.6433990860832788E-003
   2.0000000000000000        3.7126375382204534E-003
   2.0000000000000000        3.7042783307271957E-003
   2.0000000000000000        5.6136129319039017E-003
   2.0000000000000000        8.5978083226939256E-003
   2.0000000000000000        2.7532778004041693E-003
   2.0000000000000000        4.2275115190878072E-003
   2.0000000000000000        6.7679613757073908E-003
   2.0000000000000000        5.1870369650049448E-003
   2.0000000000000000        8.4328048016001547E-003
   2.0000000000000000        4.9817785279150156E-003
   2.0000000000000000        3.3636445822050262E-003
   2.0000000000000000        6.4788792202679496E-003
   2.0000000000000000        5.4262926645120392E-003
   2.0000000000000000        4.5830192423332279E-003
   2.0000000000000000        6.7869300292502793E-003
   2.0000000000000000        7.4033973204445614E-003
   2.0000000000000000        4.6160266479241810E-003
   2.0000000000000000        5.4155572353633717E-003
   2.0000000000000000        2.1051415387103702E-003
   2.0000000000000000        8.2154669921076437E-003
   2.5000000000000000        7.1820413440984929E-003
   2.5000000000000000        2.3553353059717029E-003
   2.5000000000000000        6.4679757190572928E-003
   2.5000000000000000        4.5087378248836411E-003
   2.5000000000000000        4.9572139449213602E-003
   2.5000000000000000        4.9624567412746021E-003
   2.5000000000000000        1.9772929609738659E-003
   2.5000000000000000        5.4059696189628741E-003
   2.5000000000000000        2.3036363757853772E-003
   2.5000000000000000        5.8282802058310093E-003
   2.5000000000000000        4.5873282373683289E-003
   2.5000000000000000        4.8697703804611060E-003
   2.5000000000000000        5.0318210007076914E-003
   2.5000000000000000        5.1869163593754181E-003
   2.5000000000000000        8.5506493131835629E-003
   2.5000000000000000        3.7870472302398827E-003
   2.5000000000000000        4.6165293270865404E-003
   2.5000000000000000        4.4068042668277824E-003
   2.5000000000000000        1.4042501224923248E-003
   2.5000000000000000        5.1429130697800730E-003
   2.5000000000000000        2.7914973459064762E-003
   2.5000000000000000        4.5103074327864064E-003
   2.5000000000000000        5.1685060521013144E-003
   2.5000000000000000        7.0180618469312776E-003
   2.5000000000000000        5.0052367637408420E-003
   2.5000000000000000        5.1357004051792599E-003
   2.5000000000000000        3.9866904565664298E-003
   2.5000000000000000        3.9190676808865017E-003
   2.5000000000000000        5.9565464722007057E-003
   2.5000000000000000        4.1860868449422363E-003
   2.5000000000000000        6.0460686924290376E-003
   2.5000000000000000        6.3999641442879628E-003
   2.5000000000000000        5.5663955639749328E-003
   2.5000000000000000        4.9431152797931796E-003
   2.5000000000000000        4.3723656136250792E-003
   2.5000000000000000        8.9557848181444355E-003
   2.5000000000000000        6.3603707143585139E-003
   2.5000000000000000        6.6691065660201346E-003
   2.5000000000000000        4.3281664911679384E-003
   2.5000000000000000        5.2592908548945118E-003
   2.5000000000000000        7.6071000477093299E-003
   2.5000000000000000        6.9007134435573689E-003
   2.5000000000000000        7.6469666505485680E-003
   2.5000000000000000        5.5302021905788501E-003
   2.5000000000000000        5.1868654866676755E-003
   2.5000000000000000        4.9195648131505360E-003
   2.5000000000000000        6.5017627241537078E-003
   2.5000000000000000        9.0366425527102293E-003
   2.5000000000000000        3.8843196063665267E-003
   2.5000000000000000        5.0529613349044574E-003
   2.5000000000000000        7.3644928243796672E-003
   2.5000000000000000        6.3220331989640756E-003
   2.5000000000000000        9.3504318885465117E-003
   2.5000000000000000        5.3520054972038007E-003
   2.5000000000000000        4.8876386740995450E-003
   2.5000000000000000        7.2618966072470724E-003
   2.5000000000000000        6.6028278025007364E-003
   2.5000000000000000        5.6343315620645531E-003
   2.5000000000000000        8.1216027493055450E-003
   2.5000000000000000        7.7036552116909289E-003
   2.5000000000000000        5.2131354960542071E-003
   2.5000000000000000        7.5216754496750743E-003
   2.5000000000000000        3.5999765261554976E-003
   2.5000000000000000        1.0025421697484525E-002
   3.0000000000000000        8.0461275882029344E-003
   3.0000000000000000        3.0405788316443362E-003
   3.0000000000000000        8.2530302916695580E-003
   3.0000000000000000        5.3671990673472680E-003
   3.0000000000000000        4.8130936238236144E-003
   3.0000000000000000        5.6939090008913916E-003
   3.0000000000000000        2.2324756226184315E-003
   3.0000000000000000        6.1267915402428846E-003
   3.0000000000000000        2.6554157633081042E-003
   3.0000000000000000        4.9284362767293552E-003
   3.0000000000000000        5.3030827608743190E-003
   3.0000000000000000        5.5478924932811464E-003
   3.0000000000000000        5.7878183704146557E-003
   3.0000000000000000        6.3114699479319570E-003
   3.0000000000000000        8.8065247878265432E-003
   3.0000000000000000        4.5156407260294193E-003
   3.0000000000000000        5.6459280267942636E-003
   3.0000000000000000        4.8988375589100039E-003
   3.0000000000000000        2.3689506994034630E-003
   3.0000000000000000        6.1987167551567487E-003
   3.0000000000000000        3.6883358963143275E-003
   3.0000000000000000        5.2377381981795366E-003
   3.0000000000000000        5.5395420941596468E-003
   3.0000000000000000        7.8877918326353668E-003
   3.0000000000000000        5.4764786456979360E-003
   3.0000000000000000        5.7406293534079909E-003
   3.0000000000000000        4.1052134773313376E-003
   3.0000000000000000        4.8534839189172613E-003
   3.0000000000000000        6.7466380476129892E-003
   3.0000000000000000        4.8205923102352223E-003
   3.0000000000000000        7.3535198169553369E-003
   3.0000000000000000        6.9040365586407280E-003
   3.0000000000000000        5.9982202700365091E-003
   3.0000000000000000        5.5814517268428397E-003
   3.0000000000000000        4.2232550371499424E-003
   3.0000000000000000        1.0197820723688288E-002
   3.0000000000000000        7.0926441260888923E-003
   3.0000000000000000        6.5283481880311998E-003
   3.0000000000000000        6.0861549912986299E-003
   3.0000000000000000        6.6511098706936592E-003
   3.0000000000000000        8.4551527699914288E-003
   3.0000000000000000        7.0496679262429026E-003
   3.0000000000000000        8.8332337425517781E-003
   3.0000000000000000        5.4684149845012908E-003
   3.0000000000000000        5.1340978661018498E-003
   3.0000000000000000        5.6527592293750158E-003
   3.0000000000000000        6.5624488030228151E-003
   3.0000000000000000        1.0000730173727459E-002
   3.0000000000000000        4.8734185230355585E-003
   3.0000000000000000        5.6319794394916007E-003
   3.0000000000000000        7.6993990567402505E-003
   3.0000000000000000        6.5103730704969267E-003
   3.0000000000000000        9.8884990579080310E-003
   3.0000000000000000        6.6904568286412329E-003
   3.0000000000000000        3.9994220875344032E-003
   3.0000000000000000        7.8291256853125907E-003
   3.0000000000000000        7.7461789252816597E-003
   3.0000000000000000        5.7564555284052264E-003
   3.0000000000000000        8.1188639651739881E-003
   3.0000000000000000        9.5100752217084136E-003
   3.0000000000000000        5.3126593624977445E-003
   3.0000000000000000        7.5363165389896632E-003
   3.0000000000000000        4.3752956544196048E-003
   3.0000000000000000        9.7362309494826403E-003
   3.5000000000000000        8.3960081597999978E-003
   3.5000000000000000        3.7708296958338739E-003
   3.5000000000000000        8.3530322127935257E-003
   3.5000000000000000        6.8718034252446443E-003
   3.5000000000000000        5.8659981207434984E-003
   3.5000000000000000        6.6496189886518439E-003
   3.5000000000000000        4.2404597368180079E-003
   3.5000000000000000        6.5383828820251184E-003
   3.5000000000000000        3.9805573495823813E-003
   3.5000000000000000        6.6791683817178909E-003
   3.5000000000000000        5.4027842484140193E-003
   3.5000000000000000        5.7629059029059614E-003
   3.5000000000000000        6.5041892023159908E-003
   3.5000000000000000        6.2877132519345257E-003
   3.5000000000000000        1.0846997719365158E-002
   3.5000000000000000        5.7731089958451770E-003
   3.5000000000000000        6.0199787684946399E-003
   3.5000000000000000        5.6621747463071253E-003
   3.5000000000000000        3.0644808219825593E-003
   3.5000000000000000        6.9436325083889828E-003
   3.5000000000000000        4.8670629019081021E-003
   3.5000000000000000        6.2069408641646853E-003
   3.5000000000000000        6.1530189734418641E-003
   3.5000000000000000        8.5167616934679977E-003
   3.5000000000000000        5.6724517909089939E-003
   3.5000000000000000        6.8792425045963584E-003
   3.5000000000000000        5.1892707101371949E-003
   3.5000000000000000        5.1529532243232536E-003
   3.5000000000000000        7.7616544159948182E-003
   3.5000000000000000        5.5385836480473394E-003
   3.5000000000000000        8.0106581576355022E-003
   3.5000000000000000        8.1334944376913916E-003
   3.5000000000000000        6.9805180640983653E-003
   3.5000000000000000        6.8140126503248577E-003
   3.5000000000000000        5.7316879194117369E-003
   3.5000000000000000        1.0897860722257575E-002
   3.5000000000000000        8.3714249407005475E-003
   3.5000000000000000        7.6319786471629528E-003
   3.5000000000000000        6.5696078360770547E-003
   3.5000000000000000        7.6094203067263435E-003
   3.5000000000000000        9.5023997533267499E-003
   3.5000000000000000        8.3919551341683635E-003
   3.5000000000000000        9.3715611343866308E-003
   3.5000000000000000        6.3774225998135632E-003
   3.5000000000000000        6.1246955013139611E-003
   3.5000000000000000        6.5104429601051308E-003
   3.5000000000000000        7.7791084821453834E-003
   3.5000000000000000        1.0604415755287939E-002
   3.5000000000000000        4.7936386258962066E-003
   3.5000000000000000        6.6498056653359339E-003
   3.5000000000000000        8.3610296918790097E-003
   3.5000000000000000        7.6689066752926322E-003
   3.5000000000000000        1.0378255167511570E-002
   3.5000000000000000        7.0162556649334597E-003
   3.5000000000000000        5.2651312853718366E-003
   3.5000000000000000        9.1131206430473902E-003
   3.5000000000000000        8.2273369340261499E-003
   3.5000000000000000        6.8237700773096663E-003
   3.5000000000000000        9.0646288333457621E-003
   3.5000000000000000        9.8365352135719123E-003
   3.5000000000000000        6.2670875986028888E-003
   3.5000000000000000        7.3228264223744116E-003
   3.5000000000000000        5.1510327027364522E-003
   3.5000000000000000        1.0553769978733075E-002
   4.0000000000000000        9.7705585571449868E-003
   4.0000000000000000        4.1498120363715864E-003
   4.0000000000000000        9.0868074690649003E-003
   4.0000000000000000        6.9547106411361878E-003
   4.0000000000000000        6.5150535662430653E-003
   4.0000000000000000        7.1609511151150291E-003
   4.0000000000000000        3.4823140171185555E-003
   4.0000000000000000        6.8520649515206641E-003
   4.0000000000000000        4.0761140705197017E-003
   4.0000000000000000        6.9774286262628497E-003
   4.0000000000000000        5.8429905930339303E-003
   4.0000000000000000        6.8559452177748646E-003
   4.0000000000000000        7.3236807452723837E-003
   4.0000000000000000        7.3804734108211595E-003
   4.0000000000000000        1.0644698042563381E-002
   4.0000000000000000        6.2061989760721437E-003
   4.0000000000000000        6.4607550888820253E-003
   4.0000000000000000        6.0438104651002788E-003
   4.0000000000000000        3.9206380681038157E-003
   4.0000000000000000        7.5840239902810313E-003
   4.0000000000000000        5.3442137100807906E-003
   4.0000000000000000        6.7021004489184249E-003
   4.0000000000000000        6.8655339676002586E-003
   4.0000000000000000        8.6438285107533278E-003
   4.0000000000000000        7.1092744780055636E-003
   4.0000000000000000        7.7398086774645401E-003
   4.0000000000000000        5.3697656090638656E-003
   4.0000000000000000        6.4958679614089600E-003
   4.0000000000000000        8.0132853599365304E-003
   4.0000000000000000        6.3819574087483500E-003
   4.0000000000000000        8.6712838515496417E-003
   4.0000000000000000        8.6573508012054053E-003
   4.0000000000000000        7.6048667593632824E-003
   4.0000000000000000        6.4689087034843166E-003
   4.0000000000000000        5.6849868424386323E-003
   4.0000000000000000        1.0929893565534799E-002
   4.0000000000000000        8.8380070206047958E-003
   4.0000000000000000        7.6593787997267897E-003
   4.0000000000000000        6.9770581404766455E-003
   4.0000000000000000        8.4244229609666092E-003
   4.0000000000000000        9.3346111005369568E-003
   4.0000000000000000        8.7245845761271049E-003
   4.0000000000000000        9.7013509559693775E-003
   4.0000000000000000        7.5577784519294368E-003
   4.0000000000000000        6.5801114930797962E-003
   4.0000000000000000        6.7804148812543995E-003
   4.0000000000000000        8.0198090774722831E-003
   4.0000000000000000        1.1556223748156508E-002
   4.0000000000000000        5.8764816338510379E-003
   4.0000000000000000        7.4503906342049293E-003
   4.0000000000000000        9.9270384934839508E-003
   4.0000000000000000        8.5204945785475588E-003
   4.0000000000000000        1.1239302861173996E-002
   4.0000000000000000        7.1662169443428249E-003
   4.0000000000000000        6.6208009285645538E-003
   4.0000000000000000        9.1951742179851546E-003
   4.0000000000000000        8.8305954902931222E-003
   4.0000000000000000        8.3913275215036394E-003
   4.0000000000000000        9.9991404691437604E-003
   4.0000000000000000        1.0017206494965701E-002
   4.0000000000000000        6.4420862143891667E-003
   4.0000000000000000        7.8189331305401292E-003
   4.0000000000000000        5.8089302062484223E-003
   4.0000000000000000        1.1139987103964976E-002
   4.5000000000000000        1.0131535727285795E-002
   4.5000000000000000        5.0901851603094989E-003
   4.5000000000000000        8.9624213974589043E-003
   4.5000000000000000        7.2002094352024704E-003
   4.5000000000000000        7.1040996076106484E-003
   4.5000000000000000        7.6127214915555422E-003
   4.5000000000000000        4.6528168903212852E-003
   4.5000000000000000        7.9045672448723701E-003
   4.5000000000000000        4.7552570719233585E-003
   4.5000000000000000        7.2656297086323395E-003
   4.5000000000000000        6.7391321616712867E-003
   4.5000000000000000        6.6325853534563231E-003
   4.5000000000000000        7.9612713231964876E-003
   4.5000000000000000        7.7074681374420086E-003
   4.5000000000000000        1.0757422189770213E-002
   4.5000000000000000        6.8900004685387133E-003
   4.5000000000000000        6.6557340584171435E-003
   4.5000000000000000        6.7562062852443280E-003
   4.5000000000000000        4.5655964112574794E-003
   4.5000000000000000        7.4280026159597107E-003
   4.5000000000000000        5.4050996671806146E-003
   4.5000000000000000        6.7191757209802234E-003
   4.5000000000000000        7.2817069141609550E-003
   4.5000000000000000        9.6289159592751854E-003
   4.5000000000000000        6.7172164630767530E-003
   4.5000000000000000        8.2690001802515657E-003
   4.5000000000000000        5.5389935276724638E-003
   4.5000000000000000        7.0634397851627746E-003
   4.5000000000000000        9.0160231159642293E-003
   4.5000000000000000        7.3880793274207941E-003
   4.5000000000000000        9.0011233327789205E-003
   4.5000000000000000        8.7015546458654412E-003
   4.5000000000000000        7.5874467117943486E-003
   4.5000000000000000        7.5677310202329111E-003
   4.5000000000000000        5.7985079319599654E-003
   4.5000000000000000        1.1615298902631872E-002
   4.5000000000000000        9.2181098898576203E-003
   4.5000000000000000        7.9243598100949206E-003
   4.5000000000000000        7.0843603649423156E-003
   4.5000000000000000        8.6516503229611425E-003
   4.5000000000000000        1.0125528233930198E-002
   4.5000000000000000        9.4381267117576786E-003
   4.5000000000000000        1.0432848394892346E-002
   4.5000000000000000        7.9960117967563388E-003
   4.5000000000000000        7.3288675737300281E-003
   4.5000000000000000        7.1176139924705503E-003
   4.5000000000000000        8.6764281652453625E-003
   4.5000000000000000        1.1537070846186263E-002
   4.5000000000000000        6.5044883811503657E-003
   4.5000000000000000        7.5824069866857078E-003
   4.5000000000000000        9.5148197825415306E-003
   4.5000000000000000        8.0055605503077561E-003
   4.5000000000000000        1.1590727173722582E-002
   4.5000000000000000        7.5938380051178657E-003
   4.5000000000000000        6.9753498580228191E-003
   4.5000000000000000        9.2949855778688799E-003
   4.5000000000000000        8.8772170132607273E-003
   4.5000000000000000        7.9377840644805440E-003
   4.5000000000000000        1.0302490964271651E-002
   4.5000000000000000        1.0827593782295060E-002
   4.5000000000000000        7.1996935371313932E-003
   4.5000000000000000        9.2744423415633756E-003
   4.5000000000000000        5.7342837614954428E-003
   4.5000000000000000        1.1937716289664141E-002
   5.0000000000000000        1.0631490173201519E-002
   5.0000000000000000        5.5745914674183985E-003
   5.0000000000000000        9.2117881907255138E-003
   5.0000000000000000        7.6323030138080485E-003
   5.0000000000000000        6.9579484512767992E-003
   5.0000000000000000        7.8441164716811090E-003
   5.0000000000000000        4.3056628642633380E-003
   5.0000000000000000        8.1739594269065498E-003
   5.0000000000000000        5.0967994076012114E-003
   5.0000000000000000        7.2918483677229572E-003
   5.0000000000000000        6.3614313810321311E-003
   5.0000000000000000        8.0024738504076362E-003
   5.0000000000000000        8.0732196638624003E-003
   5.0000000000000000        7.9163749770428029E-003
   5.0000000000000000        1.0899031770031809E-002
   5.0000000000000000        6.9924734624320535E-003
   5.0000000000000000        7.2634294700361316E-003
   5.0000000000000000        7.6722612815370884E-003
   5.0000000000000000        4.4396786445997597E-003
   5.0000000000000000        7.8896477168683577E-003
   5.0000000000000000        6.3910507704824857E-003
   5.0000000000000000        7.5737132424387489E-003
   5.0000000000000000        8.3469002228029124E-003
   5.0000000000000000        9.5164300223073549E-003
   5.0000000000000000        7.5757298238371415E-003
   5.0000000000000000        8.6148537864367027E-003
   5.0000000000000000        6.3462151399732835E-003
   5.0000000000000000        7.2732391779171636E-003
   5.0000000000000000        9.4602487921790872E-003
   5.0000000000000000        7.2868630173087458E-003
   5.0000000000000000        9.1999750326135273E-003
   5.0000000000000000        9.3320503614843231E-003
   5.0000000000000000        8.4408408888033311E-003
   5.0000000000000000        7.1861007726635806E-003
   5.0000000000000000        6.3453945698259667E-003
   5.0000000000000000        1.1986325853991434E-002
   5.0000000000000000        9.5729011334469045E-003
   5.0000000000000000        8.4967521252552990E-003
   5.0000000000000000        7.4735657999233642E-003
   5.0000000000000000        9.2381045726832537E-003
   5.0000000000000000        1.0556102952125515E-002
   5.0000000000000000        9.8486734006465737E-003
   5.0000000000000000        1.0524988369334243E-002
   5.0000000000000000        8.0301436835985718E-003
   5.0000000000000000        7.1795027098174122E-003
   5.0000000000000000        7.3638820354385726E-003
   5.0000000000000000        8.4206917362167448E-003
   5.0000000000000000        1.1774882578269832E-002
   5.0000000000000000        6.9674410449772923E-003
   5.0000000000000000        7.8369697794157048E-003
   5.0000000000000000        9.8896591193514041E-003
   5.0000000000000000        9.2731930520542991E-003
   5.0000000000000000        1.2117997369483297E-002
   5.0000000000000000        8.2919601087648315E-003
   5.0000000000000000        7.5364311174112618E-003
   5.0000000000000000        9.6483218478106217E-003
   5.0000000000000000        9.7615123589715070E-003
   5.0000000000000000        8.8332941072616043E-003
   5.0000000000000000        1.0492496337051188E-002
   5.0000000000000000        1.1477370208073909E-002
   5.0000000000000000        7.7582128442282476E-003
   5.0000000000000000        9.5472064448210211E-003
   5.0000000000000000        6.0257092801417585E-003
   5.0000000000000000        1.2441702104156876E-002
