  -22.250000000000000       0.62471200225254031     	  -22.250000000000000       0.62201803917359211     
  -21.750000000000000       0.62440845142527324     	  -21.750000000000000       0.62213147068604224     
  -21.250000000000000       0.62443739028740197     	  -21.250000000000000       0.62219685695066407     
  -20.750000000000000       0.62454398922513332     	  -20.750000000000000       0.62221153575642318     
  -20.250000000000000       0.62420297673419867     	  -20.250000000000000       0.62232600564816776     
  -19.750000000000000       0.62365108463902708     	  -19.750000000000000       0.62237153301069570     
  -19.250000000000000       0.62233675916553788     	  -19.250000000000000       0.62230288081224661     
  -18.750000000000000       0.62135059675670246     	  -18.750000000000000       0.62237987374113679     
  -18.250000000000000       0.62041041229571459     	  -18.250000000000000       0.62236118969188836     
  -17.750000000000000       0.61989775584733786     	  -17.750000000000000       0.62226554585015803     
  -17.250000000000000       0.61937693539805061     	  -17.250000000000000       0.62222010948590267     
  -16.750000000000000       0.61864745752033345     	  -16.750000000000000       0.62217064585395709     
  -16.250000000000000       0.61926314025804030     	  -16.250000000000000       0.62217735360686155     
  -15.750000000000000       0.61912460779531597     	  -15.750000000000000       0.62217012487943790     
  -15.250000000000000       0.61957120462393267     	  -15.250000000000000       0.62223447648618002     
  -14.750000000000000       0.62004160256950269     	  -14.750000000000000       0.62226664779710350     
  -14.250000000000000       0.61958963282454849     	  -14.250000000000000       0.62227318858794844     
  -13.750000000000000       0.62042519995267065     	  -13.750000000000000       0.62233495911513448     
  -13.250000000000000       0.61995958172250487     	  -13.250000000000000       0.62240656961788721     
  -12.750000000000000       0.61976019152297268     	  -12.750000000000000       0.62240372936271227     
  -12.250000000000000       0.62028555837794030     	  -12.250000000000000       0.62236469359147240     
  -11.750000000000000       0.62016755961463654     	  -11.750000000000000       0.62234962546628669     
  -11.250000000000000       0.62091153203440375     	  -11.250000000000000       0.62215303643150033     
  -10.750000000000000       0.62093159084102756     	  -10.750000000000000       0.62199706151964118     
  -10.250000000000000       0.62099068680235125     	  -10.250000000000000       0.62197706864898306     
  -9.7500000000000000       0.62079480255506747     	  -9.7500000000000000       0.62186143396939864     
  -9.2500000000000000       0.62021414905278982     	  -9.2500000000000000       0.62188619454155170     
  -8.7500000000000000       0.62073530729273430     	  -8.7500000000000000       0.62182393211628595     
  -8.2500000000000000       0.62086616768511360     	  -8.2500000000000000       0.62174859264672278     
  -7.7500000000000000       0.61998837898825776     	  -7.7500000000000000       0.62161758686124946     
  -7.2500000000000000       0.61922212931549425     	  -7.2500000000000000       0.62142135746844840     
  -6.7500000000000000       0.61802756946341864     	  -6.7500000000000000       0.62120634358092597     
  -6.2500000000000000       0.61653704922714991     	  -6.2500000000000000       0.62095937472176777     
  -5.7500000000000000       0.61465198445047153     	  -5.7500000000000000       0.62048571042762690     
  -5.2500000000000000       0.61329227648002649     	  -5.2500000000000000       0.61998246328882267     
  -4.7500000000000000       0.61164386319484199     	  -4.7500000000000000       0.61928443708495817     
  -4.2500000000000000       0.60996770076767992     	  -4.2500000000000000       0.61813206298410017     
  -3.7500000000000000       0.60786998200468589     	  -3.7500000000000000       0.61705062481993034     
  -3.2500000000000000       0.60590446414279975     	  -3.2500000000000000       0.61510899643855022     
  -2.7500000000000000       0.60399882780815883     	  -2.7500000000000000       0.61314647904795794     
  -2.2500000000000000       0.59979165206261575     	  -2.2500000000000000       0.61028433253048664     
  -1.7500000000000000       0.59508234822642170     	  -1.7500000000000000       0.60572003882227510     
  -1.2500000000000000       0.59042162788180963     	  -1.2500000000000000       0.60208073562111775     
 -0.75000000000000000       0.58464433477238220     	 -0.75000000000000000       0.59419179653403276     
 -0.25000000000000000       0.58271823866259598     	 -0.25000000000000000       0.58811530935268796     
  0.25000000000000000       0.58667646834033960     	  0.25000000000000000       0.58811994236532639     
  0.75000000000000000       0.59574910027571393     	  0.75000000000000000       0.59420347014287367     
   1.2500000000000000       0.60465822433566008     	   1.2500000000000000       0.60210685436476330     
   1.7500000000000000       0.60934189394953275     	   1.7500000000000000       0.60580741323465925     
   2.2500000000000000       0.61427140775087263     	   2.2500000000000000       0.61036828032751733     
   2.7500000000000000       0.61716984873177039     	   2.7500000000000000       0.61318491348587589     
   3.2500000000000000       0.61887895248549085     	   3.2500000000000000       0.61515679214361374     
   3.7500000000000000       0.62010774339409103     	   3.7500000000000000       0.61711529017798139     
   4.2500000000000000       0.62091885361627797     	   4.2500000000000000       0.61831433489144461     
   4.7500000000000000       0.62190717369556059     	   4.7500000000000000       0.61937888786434114     
   5.2500000000000000       0.62220935146431333     	   5.2500000000000000       0.61990972680946388     
   5.7500000000000000       0.62243307202030440     	   5.7500000000000000       0.62039727965752678     
   6.2500000000000000       0.62291127627678999     	   6.2500000000000000       0.62063486262536838     
   6.7500000000000000       0.62328339764865281     	   6.7500000000000000       0.62080493321955144     
   7.2500000000000000       0.62349225573740841     	   7.2500000000000000       0.62096204602755811     
   7.7500000000000000       0.62401552477003364     	   7.7500000000000000       0.62096473929901352     
   8.2500000000000000       0.62439522176946771     	   8.2500000000000000       0.62104227734013340     
   8.7500000000000000       0.62440153618370198     	   8.7500000000000000       0.62114702190950777     
   9.2500000000000000       0.62465653450749625     	   9.2500000000000000       0.62114158390740670     
   9.7500000000000000       0.62475458967956765     	   9.7500000000000000       0.62116637125955654     
   10.250000000000000       0.62427012976241247     	   10.250000000000000       0.62117298585737102     
   10.750000000000000       0.62425829850051873     	   10.750000000000000       0.62114168412731185     
   11.250000000000000       0.62413809931093589     	   11.250000000000000       0.62118987459030273     
   11.750000000000000       0.62349512403430141     	   11.750000000000000       0.62124099305528768     
   12.250000000000000       0.62365397592123961     	   12.250000000000000       0.62125027258386356     
   12.750000000000000       0.62311524736080703     	   12.750000000000000       0.62135905997554863     
   13.250000000000000       0.62338878185038593     	   13.250000000000000       0.62138528004568472     
   13.750000000000000       0.62396646132622191     	   13.750000000000000       0.62139209639800697     
   14.250000000000000       0.62403297293567384     	   14.250000000000000       0.62135685916738448     
   14.750000000000000       0.62415198883156398     	   14.750000000000000       0.62131435357895204     
   15.250000000000000       0.62453355312476933     	   15.250000000000000       0.62136307569064608     
   15.750000000000000       0.62400596459730095     	   15.750000000000000       0.62128926427181197     
   16.250000000000000       0.62404207648148535     	   16.250000000000000       0.62128288801721299     
   16.750000000000000       0.62427725257719080     	   16.750000000000000       0.62131460414418183     
   17.250000000000000       0.62369143457162346     	   17.250000000000000       0.62131396409964734     
   17.750000000000000       0.62340457457377629     	   17.750000000000000       0.62143039076275397     
   18.250000000000000       0.62322152107518325     	   18.250000000000000       0.62147189878287490     
   18.750000000000000       0.62273053129502542     	   18.750000000000000       0.62152340045586618     
   19.250000000000000       0.62259990899576478     	   19.250000000000000       0.62160605660767876     
   19.750000000000000       0.62211113627116954     	   19.750000000000000       0.62160038169178877     
   20.250000000000000       0.62249869661435164     	   20.250000000000000       0.62167402180861375     
   20.750000000000000       0.62244544919635592     	   20.750000000000000       0.62172022533784199     
   21.250000000000000       0.62253478704611964     	   21.250000000000000       0.62179552053547849     
   21.750000000000000       0.62304792574132695     	   21.750000000000000       0.62183659740228003     
   22.250000000000000       0.62364601806969355     	   22.250000000000000       0.62187756412419382     
