  -22.250000000000000       0.62214830712351310     	  -22.250000000000000       0.62201803917359211     
  -21.750000000000000       0.62260203013446802     	  -21.750000000000000       0.62213147068604224     
  -21.250000000000000       0.62230963372405901     	  -21.250000000000000       0.62219685695066407     
  -20.750000000000000       0.62280721145701845     	  -20.750000000000000       0.62221153575642318     
  -20.250000000000000       0.62317405675811566     	  -20.250000000000000       0.62232600564816776     
  -19.750000000000000       0.62375363479171431     	  -19.750000000000000       0.62237153301069570     
  -19.250000000000000       0.62354744579134413     	  -19.250000000000000       0.62230288081224661     
  -18.750000000000000       0.62277017382692246     	  -18.750000000000000       0.62237987374113679     
  -18.250000000000000       0.62208753933994665     	  -18.250000000000000       0.62236118969188836     
  -17.750000000000000       0.62071040859118065     	  -17.750000000000000       0.62226554585015803     
  -17.250000000000000       0.62031327674947145     	  -17.250000000000000       0.62222010948590267     
  -16.750000000000000       0.62020711687065677     	  -16.750000000000000       0.62217064585395709     
  -16.250000000000000       0.62001356211589309     	  -16.250000000000000       0.62217735360686155     
  -15.750000000000000       0.62050844595487009     	  -15.750000000000000       0.62217012487943790     
  -15.250000000000000       0.62109138973058076     	  -15.250000000000000       0.62223447648618002     
  -14.750000000000000       0.62140298252384718     	  -14.750000000000000       0.62226664779710350     
  -14.250000000000000       0.62112800963045556     	  -14.250000000000000       0.62227318858794844     
  -13.750000000000000       0.62108510584810550     	  -13.750000000000000       0.62233495911513448     
  -13.250000000000000       0.62084550683204287     	  -13.250000000000000       0.62240656961788721     
  -12.750000000000000       0.62050472376716037     	  -12.750000000000000       0.62240372936271227     
  -12.250000000000000       0.62058242962922405     	  -12.250000000000000       0.62236469359147240     
  -11.750000000000000       0.62003706461744612     	  -11.750000000000000       0.62234962546628669     
  -11.250000000000000       0.61930312166278700     	  -11.250000000000000       0.62215303643150033     
  -10.750000000000000       0.61999322499802745     	  -10.750000000000000       0.62199706151964118     
  -10.250000000000000       0.61950817889096199     	  -10.250000000000000       0.62197706864898306     
  -9.7500000000000000       0.61949057889178538     	  -9.7500000000000000       0.62186143396939864     
  -9.2500000000000000       0.62057305670645690     	  -9.2500000000000000       0.62188619454155170     
  -8.7500000000000000       0.62087085022931010     	  -8.7500000000000000       0.62182393211628595     
  -8.2500000000000000       0.62107101149452737     	  -8.2500000000000000       0.62174859264672278     
  -7.7500000000000000       0.62124751366262865     	  -7.7500000000000000       0.62161758686124946     
  -7.2500000000000000       0.62129592831666292     	  -7.2500000000000000       0.62142135746844840     
  -6.7500000000000000       0.62007354952950311     	  -6.7500000000000000       0.62120634358092597     
  -6.2500000000000000       0.61978148912161246     	  -6.2500000000000000       0.62095937472176777     
  -5.7500000000000000       0.61804778198784560     	  -5.7500000000000000       0.62048571042762690     
  -5.2500000000000000       0.61672884039588971     	  -5.2500000000000000       0.61998246328882267     
  -4.7500000000000000       0.61575996427621760     	  -4.7500000000000000       0.61928443708495817     
  -4.2500000000000000       0.61354900447973437     	  -4.2500000000000000       0.61813206298410017     
  -3.7500000000000000       0.61147456586255466     	  -3.7500000000000000       0.61705062481993034     
  -3.2500000000000000       0.60884477509788903     	  -3.2500000000000000       0.61510899643855022     
  -2.7500000000000000       0.60599858046359389     	  -2.7500000000000000       0.61314647904795794     
  -2.2500000000000000       0.60154467288987312     	  -2.2500000000000000       0.61028433253048664     
  -1.7500000000000000       0.59779817467385477     	  -1.7500000000000000       0.60572003882227510     
  -1.2500000000000000       0.59386087113118435     	  -1.2500000000000000       0.60208073562111775     
 -0.75000000000000000       0.58669703980163845     	 -0.75000000000000000       0.59419179653403276     
 -0.25000000000000000       0.58325479580338568     	 -0.25000000000000000       0.58811530935268796     
  0.25000000000000000       0.58610257344079675     	  0.25000000000000000       0.58811994236532639     
  0.75000000000000000       0.59456380523228169     	  0.75000000000000000       0.59420347014287367     
   1.2500000000000000       0.60252616951246762     	   1.2500000000000000       0.60210685436476330     
   1.7500000000000000       0.60671682120839054     	   1.7500000000000000       0.60580741323465925     
   2.2500000000000000       0.61175521073487427     	   2.2500000000000000       0.61036828032751733     
   2.7500000000000000       0.61418975691958000     	   2.7500000000000000       0.61318491348587589     
   3.2500000000000000       0.61665447728684986     	   3.2500000000000000       0.61515679214361374     
   3.7500000000000000       0.61888186507872411     	   3.7500000000000000       0.61711529017798139     
   4.2500000000000000       0.62015474338667165     	   4.2500000000000000       0.61831433489144461     
   4.7500000000000000       0.62149028798769446     	   4.7500000000000000       0.61937888786434114     
   5.2500000000000000       0.62214402150438841     	   5.2500000000000000       0.61990972680946388     
   5.7500000000000000       0.62174757121141266     	   5.7500000000000000       0.62039727965752678     
   6.2500000000000000       0.62224951810730589     	   6.2500000000000000       0.62063486262536838     
   6.7500000000000000       0.62155290651364037     	   6.7500000000000000       0.62080493321955144     
   7.2500000000000000       0.62096710459862614     	   7.2500000000000000       0.62096204602755811     
   7.7500000000000000       0.62096073068806157     	   7.7500000000000000       0.62096473929901352     
   8.2500000000000000       0.62135996590155140     	   8.2500000000000000       0.62104227734013340     
   8.7500000000000000       0.62195629009710685     	   8.7500000000000000       0.62114702190950777     
   9.2500000000000000       0.62205451679260693     	   9.2500000000000000       0.62114158390740670     
   9.7500000000000000       0.62229653300514454     	   9.7500000000000000       0.62116637125955654     
   10.250000000000000       0.62277138410910127     	   10.250000000000000       0.62117298585737102     
   10.750000000000000       0.62321904138275619     	   10.750000000000000       0.62114168412731185     
   11.250000000000000       0.62304075743909049     	   11.250000000000000       0.62118987459030273     
   11.750000000000000       0.62365749027327066     	   11.750000000000000       0.62124099305528768     
   12.250000000000000       0.62394978343338003     	   12.250000000000000       0.62125027258386356     
   12.750000000000000       0.62419397457518033     	   12.750000000000000       0.62135905997554863     
   13.250000000000000       0.62360053704601182     	   13.250000000000000       0.62138528004568472     
   13.750000000000000       0.62345970074831103     	   13.750000000000000       0.62139209639800697     
   14.250000000000000       0.62379219004618092     	   14.250000000000000       0.62135685916738448     
   14.750000000000000       0.62346136714652700     	   14.750000000000000       0.62131435357895204     
   15.250000000000000       0.62394629137259650     	   15.250000000000000       0.62136307569064608     
   15.750000000000000       0.62380875629750965     	   15.750000000000000       0.62128926427181197     
   16.250000000000000       0.62320671396790539     	   16.250000000000000       0.62128288801721299     
   16.750000000000000       0.62370581167887607     	   16.750000000000000       0.62131460414418183     
   17.250000000000000       0.62373776518685708     	   17.250000000000000       0.62131396409964734     
   17.750000000000000       0.62356270954414783     	   17.750000000000000       0.62143039076275397     
   18.250000000000000       0.62339793083324657     	   18.250000000000000       0.62147189878287490     
   18.750000000000000       0.62295021814320584     	   18.750000000000000       0.62152340045586618     
   19.250000000000000       0.62254495433899026     	   19.250000000000000       0.62160605660767876     
   19.750000000000000       0.62171534333087564     	   19.750000000000000       0.62160038169178877     
   20.250000000000000       0.62068213752529688     	   20.250000000000000       0.62167402180861375     
   20.750000000000000       0.62079509475941363     	   20.750000000000000       0.62172022533784199     
   21.250000000000000       0.62093399195702570     	   21.250000000000000       0.62179552053547849     
   21.750000000000000       0.62088240792311444     	   21.750000000000000       0.62183659740228003     
   22.250000000000000       0.62114087805190432     	   22.250000000000000       0.62187756412419382     
