  -22.250000000000000       0.62194371991412722     	  -22.250000000000000       0.62201803917359211     
  -21.750000000000000       0.62256514033555477     	  -21.750000000000000       0.62213147068604224     
  -21.250000000000000       0.62267926440030330     	  -21.250000000000000       0.62219685695066407     
  -20.750000000000000       0.62241768375047757     	  -20.750000000000000       0.62221153575642318     
  -20.250000000000000       0.62294629020063297     	  -20.250000000000000       0.62232600564816776     
  -19.750000000000000       0.62304598402458267     	  -19.750000000000000       0.62237153301069570     
  -19.250000000000000       0.62263755785481645     	  -19.250000000000000       0.62230288081224661     
  -18.750000000000000       0.62170687014586423     	  -18.750000000000000       0.62237987374113679     
  -18.250000000000000       0.62069040558661348     	  -18.250000000000000       0.62236118969188836     
  -17.750000000000000       0.62020601557686905     	  -17.750000000000000       0.62226554585015803     
  -17.250000000000000       0.61979337678101620     	  -17.250000000000000       0.62222010948590267     
  -16.750000000000000       0.62035676862490352     	  -16.750000000000000       0.62217064585395709     
  -16.250000000000000       0.62021809269228412     	  -16.250000000000000       0.62217735360686155     
  -15.750000000000000       0.62022525098867576     	  -15.750000000000000       0.62217012487943790     
  -15.250000000000000       0.62134235147190309     	  -15.250000000000000       0.62223447648618002     
  -14.750000000000000       0.62125338153237319     	  -14.750000000000000       0.62226664779710350     
  -14.250000000000000       0.62056683791574596     	  -14.250000000000000       0.62227318858794844     
  -13.750000000000000       0.62088404843427669     	  -13.750000000000000       0.62233495911513448     
  -13.250000000000000       0.62078377874517676     	  -13.250000000000000       0.62240656961788721     
  -12.750000000000000       0.62049534416918750     	  -12.750000000000000       0.62240372936271227     
  -12.250000000000000       0.62072311884952669     	  -12.250000000000000       0.62236469359147240     
  -11.750000000000000       0.62087626545969887     	  -11.750000000000000       0.62234962546628669     
  -11.250000000000000       0.62008298216830804     	  -11.250000000000000       0.62215303643150033     
  -10.750000000000000       0.62059275188950103     	  -10.750000000000000       0.62199706151964118     
  -10.250000000000000       0.62111843680970291     	  -10.250000000000000       0.62197706864898306     
  -9.7500000000000000       0.62042374001347322     	  -9.7500000000000000       0.62186143396939864     
  -9.2500000000000000       0.62075835037991922     	  -9.2500000000000000       0.62188619454155170     
  -8.7500000000000000       0.62063558507708183     	  -8.7500000000000000       0.62182393211628595     
  -8.2500000000000000       0.62017549054127741     	  -8.2500000000000000       0.62174859264672278     
  -7.7500000000000000       0.62010854762836398     	  -7.7500000000000000       0.62161758686124946     
  -7.2500000000000000       0.62013583251237936     	  -7.2500000000000000       0.62142135746844840     
  -6.7500000000000000       0.61884857064531318     	  -6.7500000000000000       0.62120634358092597     
  -6.2500000000000000       0.61780331571345537     	  -6.2500000000000000       0.62095937472176777     
  -5.7500000000000000       0.61679322287248528     	  -5.7500000000000000       0.62048571042762690     
  -5.2500000000000000       0.61553622226387605     	  -5.2500000000000000       0.61998246328882267     
  -4.7500000000000000       0.61541679465128318     	  -4.7500000000000000       0.61928443708495817     
  -4.2500000000000000       0.61455343571619092     	  -4.2500000000000000       0.61813206298410017     
  -3.7500000000000000       0.61332677359402432     	  -3.7500000000000000       0.61705062481993034     
  -3.2500000000000000       0.61092289336062988     	  -3.2500000000000000       0.61510899643855022     
  -2.7500000000000000       0.60865801119094176     	  -2.7500000000000000       0.61314647904795794     
  -2.2500000000000000       0.60530612419157392     	  -2.2500000000000000       0.61028433253048664     
  -1.7500000000000000       0.60088246226860320     	  -1.7500000000000000       0.60572003882227510     
  -1.2500000000000000       0.59684453973358242     	  -1.2500000000000000       0.60208073562111775     
 -0.75000000000000000       0.58896499789346002     	 -0.75000000000000000       0.59419179653403276     
 -0.25000000000000000       0.58444870841952035     	 -0.25000000000000000       0.58811530935268796     
  0.25000000000000000       0.58617574231645053     	  0.25000000000000000       0.58811994236532639     
  0.75000000000000000       0.59358524473871754     	  0.75000000000000000       0.59420347014287367     
   1.2500000000000000       0.60138397384447517     	   1.2500000000000000       0.60210685436476330     
   1.7500000000000000       0.60476703518048247     	   1.7500000000000000       0.60580741323465925     
   2.2500000000000000       0.60990975127393776     	   2.2500000000000000       0.61036828032751733     
   2.7500000000000000       0.61197953931044990     	   2.7500000000000000       0.61318491348587589     
   3.2500000000000000       0.61418434541615141     	   3.2500000000000000       0.61515679214361374     
   3.7500000000000000       0.61614416366624936     	   3.7500000000000000       0.61711529017798139     
   4.2500000000000000       0.61814846173987170     	   4.2500000000000000       0.61831433489144461     
   4.7500000000000000       0.61919060005750015     	   4.7500000000000000       0.61937888786434114     
   5.2500000000000000       0.61963034012158036     	   5.2500000000000000       0.61990972680946388     
   5.7500000000000000       0.61983472360496172     	   5.7500000000000000       0.62039727965752678     
   6.2500000000000000       0.61976905474562693     	   6.2500000000000000       0.62063486262536838     
   6.7500000000000000       0.61974377151872728     	   6.7500000000000000       0.62080493321955144     
   7.2500000000000000       0.61966426488458859     	   7.2500000000000000       0.62096204602755811     
   7.7500000000000000       0.61917582814663485     	   7.7500000000000000       0.62096473929901352     
   8.2500000000000000       0.61967861859445617     	   8.2500000000000000       0.62104227734013340     
   8.7500000000000000       0.62073716490536057     	   8.7500000000000000       0.62114702190950777     
   9.2500000000000000       0.62116519691116145     	   9.2500000000000000       0.62114158390740670     
   9.7500000000000000       0.62175784911134080     	   9.7500000000000000       0.62116637125955654     
   10.250000000000000       0.62220971835279182     	   10.250000000000000       0.62117298585737102     
   10.750000000000000       0.62294796222645454     	   10.750000000000000       0.62114168412731185     
   11.250000000000000       0.62357448686824823     	   11.250000000000000       0.62118987459030273     
   11.750000000000000       0.62356510258368247     	   11.750000000000000       0.62124099305528768     
   12.250000000000000       0.62355937012146989     	   12.250000000000000       0.62125027258386356     
   12.750000000000000       0.62364957695229517     	   12.750000000000000       0.62135905997554863     
   13.250000000000000       0.62359566119273679     	   13.250000000000000       0.62138528004568472     
   13.750000000000000       0.62339858095069312     	   13.750000000000000       0.62139209639800697     
   14.250000000000000       0.62408989628115297     	   14.250000000000000       0.62135685916738448     
   14.750000000000000       0.62334710062628074     	   14.750000000000000       0.62131435357895204     
   15.250000000000000       0.62368054217549651     	   15.250000000000000       0.62136307569064608     
   15.750000000000000       0.62414137146704307     	   15.750000000000000       0.62128926427181197     
   16.250000000000000       0.62360114016405477     	   16.250000000000000       0.62128288801721299     
   16.750000000000000       0.62460442604122057     	   16.750000000000000       0.62131460414418183     
   17.250000000000000       0.62484277472046001     	   17.250000000000000       0.62131396409964734     
   17.750000000000000       0.62410826481445336     	   17.750000000000000       0.62143039076275397     
   18.250000000000000       0.62361335111763905     	   18.250000000000000       0.62147189878287490     
   18.750000000000000       0.62312595483740807     	   18.750000000000000       0.62152340045586618     
   19.250000000000000       0.62254179663756182     	   19.250000000000000       0.62160605660767876     
   19.750000000000000       0.62193282495093138     	   19.750000000000000       0.62160038169178877     
   20.250000000000000       0.62102636659726407     	   20.250000000000000       0.62167402180861375     
   20.750000000000000       0.62075761097469895     	   20.750000000000000       0.62172022533784199     
   21.250000000000000       0.62116603194811215     	   21.250000000000000       0.62179552053547849     
   21.750000000000000       0.62140080559012256     	   21.750000000000000       0.62183659740228003     
   22.250000000000000       0.62157437662342252     	   22.250000000000000       0.62187756412419382     
