  -44.000000000000000        3.3648336429270564E-005  -3.1814074582220972E-004  -3.0738816530285060E-005   3.7548775999771545E-003   1.6150493928995047E-003   1.6680511179490830E-003
  -42.000000000000000       -2.5187820595651278E-004  -3.6763480595983298E-004  -2.9611584318587302E-005   3.7958746967632841E-003   1.7662832610570785E-003   1.6490518494565677E-003
  -40.000000000000000       -8.6643686490917027E-005  -3.4560174884375785E-004  -6.2377899076291135E-005   3.7423731627436617E-003   1.5895344601038804E-003   1.6607363590383961E-003
  -38.000000000000000        9.4329974737239475E-005  -2.4421851337483487E-004  -1.2182263940212596E-004   3.3911793487574004E-003   1.5677180079130821E-003   1.6475300223129600E-003
  -36.000000000000000        3.7275976792527921E-004  -2.4903178458534877E-004  -1.4908310246760631E-004   3.5008477943498186E-003   1.5419997840219804E-003   1.7465341600199295E-003
  -34.000000000000000        4.3442716055130948E-004  -4.1091483342559993E-004  -2.4795381668282952E-004   3.6345606647246119E-003   1.6434792353776067E-003   1.7761640410903666E-003
  -32.000000000000000        5.1810323382939227E-004  -5.2015989577146207E-004  -1.8183029750361496E-004   3.5362752375321009E-003   1.8201109038748192E-003   1.6860722538373631E-003
  -30.000000000000000        3.0709072102974577E-004  -5.6221575050236893E-004  -1.1951383993670525E-004   3.5260030740327827E-003   1.7233499795937170E-003   1.6047865859508130E-003
  -28.000000000000000        2.6335265474319858E-004  -4.9184325060206411E-004  -8.4407906929255579E-005   3.6268164975415671E-003   1.6088399422051686E-003   1.6130245293411749E-003
  -26.000000000000000        5.7866827439645441E-004  -3.6824376200019529E-004  -5.7042530278650689E-005   3.6518625985651277E-003   1.7088734414657605E-003   1.6315132060109130E-003
  -24.000000000000000        5.5634085607048078E-004  -2.7490629155115046E-004  -5.9249293303443857E-005   3.7134628430992725E-003   1.8443020122594679E-003   1.6146958448691104E-003
  -22.000000000000000        4.6504985259365750E-004  -5.2032271771442666E-004   7.2052901062964647E-006   3.7310501921664989E-003   1.6707191822125016E-003   1.6440001615057468E-003
  -20.000000000000000        6.9698227082637398E-004  -7.3992717003382993E-004   7.4456108797287050E-005   3.7466882175608658E-003   1.7286548200309997E-003   1.6808765862527642E-003
  -18.000000000000000        9.3864000674692694E-004  -9.6487999072725574E-004   3.6609598113450052E-005   3.7084865058159711E-003   1.5837281474493773E-003   1.7681532010650498E-003
  -16.000000000000000        1.0719458692227679E-003  -1.1937263821952665E-003  -1.2129709645382934E-005   3.5591526088555301E-003   1.6621199795190081E-003   1.7501986000813209E-003
  -14.000000000000000        1.0185493616311492E-003  -1.5957126463581105E-003   9.6399209224322027E-005   3.5067540730149998E-003   1.7202452375631055E-003   1.7195527537067603E-003
  -12.000000000000000        1.1117531900634026E-003  -2.0801010363015911E-003   2.7603791980042352E-004   3.6629877809381188E-003   1.6673455048410925E-003   1.6701657890509896E-003
  -10.000000000000000        8.8900158244542560E-004  -2.7366368934702038E-003   6.3685173715689338E-004   3.5696317650119377E-003   1.7382809270978237E-003   1.6101228091399656E-003
  -8.0000000000000000        5.1959596181783141E-004  -3.6944751422539630E-003   1.3454937883500852E-003   3.5699460647520341E-003   1.7390135740593593E-003   1.6035972799903859E-003
  -6.0000000000000000       -5.9921045686628371E-004  -4.3605530628190543E-003   2.7666892929604390E-003   3.5989405561430445E-003   1.6353757143896129E-003   1.6022960498008336E-003
  -4.0000000000000000       -2.9304322121005422E-003  -3.0976070408542358E-003   5.7587377183625768E-003   3.6755487747314355E-003   1.6195918376042217E-003   1.6564873319351752E-003
  -2.0000000000000000       -8.2058135362039764E-003   4.0545936289858005E-003   9.0696813157052567E-003   3.6851004536292641E-003   1.6569529078007753E-003   1.6181101796836996E-003
   0.0000000000000000       -1.7229023820960809E-002   1.3581261536641050E-002   1.8699531084516411E-004   3.7344352263967103E-003   1.6675996483190580E-003   1.5662967211130818E-003
   2.0000000000000000       -8.6044275023481331E-003   4.0413196158322817E-003  -8.8877834464746695E-003   3.6697393116808127E-003   1.7850450687178880E-003   1.7146254067366348E-003
   4.0000000000000000       -3.1687195578217198E-003  -3.0987839945425927E-003  -5.6749619144983096E-003   3.5528310498677052E-003   1.7405184665635438E-003   1.7159848729325262E-003
   6.0000000000000000       -8.1865665694069722E-004  -4.2839210625994217E-003  -2.7374407626392129E-003   3.8473354580858478E-003   1.6653244048147548E-003   1.6617090701935681E-003
   8.0000000000000000       -3.5631886564080339E-005  -3.6554678452790936E-003  -1.1036606544955149E-003   4.0177388913401760E-003   1.6315763125247550E-003   1.6098442246204191E-003
   10.000000000000000        1.6349574876006745E-004  -2.8540659673768022E-003  -3.0649895912148085E-004   4.1901538285569239E-003   1.5688105017222401E-003   1.5986200765900145E-003
   12.000000000000000        1.3765575062962832E-004  -2.1339829927399857E-003   1.5195496819649042E-004   4.0998436162867722E-003   1.6362035201936348E-003   1.5208798161817001E-003
   14.000000000000000        2.5561683990593664E-006  -1.5766796768967022E-003   3.6154892322092435E-004   4.0359905247613782E-003   1.7159202440134782E-003   1.4904938034955104E-003
   16.000000000000000       -1.6822378874992161E-004  -1.2336248135507762E-003   3.9197933881588868E-004   3.9024950867931280E-003   1.6553078224393863E-003   1.5003926850051706E-003
   18.000000000000000       -3.1772039861599488E-004  -9.1018298622384298E-004   3.6606216536484216E-004   3.5915300656704156E-003   1.5728528950373097E-003   1.5365610696756841E-003
   20.000000000000000       -3.1047011972396010E-004  -6.8943247119520831E-004   3.2611616478454500E-004   3.5087930555038195E-003   1.5564802230738012E-003   1.5319502975032105E-003
   22.000000000000000       -1.0942481754117050E-004  -5.2669474302463506E-004   1.7063387639434564E-004   3.6739630963218139E-003   1.5557581875398482E-003   1.5502281039734391E-003
   24.000000000000000        3.6684420065924428E-004  -4.4365706827321816E-004   1.2856311045032943E-004   3.8122930153711310E-003   1.4831823370197771E-003   1.6881872365636674E-003
   26.000000000000000        5.6750503867630808E-004  -5.6704822654679327E-004   1.5996675637834415E-004   3.9253900330370592E-003   1.5899908954561347E-003   1.7388775047932977E-003
   28.000000000000000        4.9374278935021554E-004  -6.6637721226291884E-004   1.1401628139477695E-004   3.9049854200289458E-003   1.7619989113876605E-003   1.6620381180575737E-003
   30.000000000000000        4.3956004073142374E-004  -6.4952200278106643E-004   4.6508373485165215E-005   3.7987059328877157E-003   1.6856829540837096E-003   1.6320220084358927E-003
   32.000000000000000        5.1711688030475766E-004  -5.1881879396374262E-004   4.6225928395668772E-005   3.9376259253244457E-003   1.6048068198954667E-003   1.5630829085790327E-003
   34.000000000000000        5.2094879428699059E-004  -4.1516478961109822E-004  -3.0318279336395516E-005   3.9000010943081019E-003   1.5380233255265323E-003   1.5327534318615138E-003
   36.000000000000000        5.5358052257725721E-004  -3.2017192261976271E-004  -8.1800793780786120E-005   3.8526504681450253E-003   1.5788332364280963E-003   1.5510851065145749E-003
   38.000000000000000        5.2401182729733264E-004  -1.7520977538091741E-004  -9.9105673966063196E-005   3.9406925794984362E-003   1.4948143832405377E-003   1.6279525297582514E-003
   40.000000000000000        4.9984002248260051E-004  -2.3371128998779810E-004  -9.1339982729769280E-005   3.9641555263010735E-003   1.5621138986305835E-003   1.7390190475587652E-003
   42.000000000000000        1.7867796587922591E-004  -2.9488233249125149E-004  -5.5625411311700055E-005   3.7592985957125148E-003   1.5594776193021244E-003   1.8398170236049707E-003
   44.000000000000000        1.7316720057847235E-004  -2.1568800521610734E-004  -3.8175438012377839E-005   3.6351177857569038E-003   1.6851617574956442E-003   1.7731443810117709E-003
