  -44.000000000000000        1.1234769204282458E-005  -2.9860518737246338E-004  -1.7757377917234333E-004   3.5247982922847259E-003   1.6684998603996677E-003   1.7455440759929777E-003
  -42.000000000000000       -3.2309652513440312E-005  -2.5314020431868719E-004  -2.2386890485828675E-004   3.7319767445412448E-003   1.5833371940160107E-003   1.7567319889866284E-003
  -40.000000000000000       -2.2278021671873205E-005  -2.9551811435632995E-004  -2.0197647017619058E-004   3.8069145148918568E-003   1.5078564250568664E-003   1.6782458322302228E-003
  -38.000000000000000        1.8711778742097618E-004  -3.3966795676009171E-004  -1.5910376557175371E-004   3.4162073075508408E-003   1.6620218851203313E-003   1.6957667346095830E-003
  -36.000000000000000        4.9098561197469248E-004  -2.6174267604815266E-004  -1.7592910423001632E-004   3.6959803305241651E-003   1.6531730766131724E-003   1.6606628956788714E-003
  -34.000000000000000        5.3321767816127963E-004  -3.7208782823922363E-004  -1.4338312306063055E-004   3.6513579026007611E-003   1.5798992325816226E-003   1.5299864386196767E-003
  -32.000000000000000        3.1450287258993903E-004  -5.3459723426405720E-004  -1.8111009428681374E-004   3.5815510587564221E-003   1.6062864936694707E-003   1.4435560700885061E-003
  -30.000000000000000        3.7700990104516663E-004  -4.8906968604209983E-004  -2.4457803356888163E-004   3.7394703452716957E-003   1.6240627534869117E-003   1.5116120089304439E-003
  -28.000000000000000        3.0236035049224785E-004  -4.6833492930006723E-004  -2.9370722648118047E-004   3.7972804786466888E-003   1.5832957693233830E-003   1.6207776241789395E-003
  -26.000000000000000        4.8997023586250243E-004  -3.5415929398291900E-004  -2.8474757359955763E-004   3.5280719912381777E-003   1.6723588424502782E-003   1.6628200027682301E-003
  -24.000000000000000        4.3668651062767072E-004  -4.1147041610719914E-004  -2.4038811874276363E-004   3.6121711784065217E-003   1.7232879268275192E-003   1.6498760098144511E-003
  -22.000000000000000        3.3261090357317169E-004  -5.4284666117019166E-004  -3.3839290555054993E-004   3.6773620216018705E-003   1.7148932298548677E-003   1.7403362663220784E-003
  -20.000000000000000        7.5188727661579247E-004  -6.1396996253150048E-004  -4.2909282622641200E-004   3.7510703038826196E-003   1.6812442664192336E-003   1.7194551653812011E-003
  -18.000000000000000        1.1918548100471327E-003  -6.0612905115096721E-004  -4.7668176131199821E-004   3.7170507381193083E-003   1.5865564618048006E-003   1.6925568824130597E-003
  -16.000000000000000        1.5246385648322036E-003  -7.9955731403472954E-004  -6.0051636981907288E-004   3.5483291614967147E-003   1.6465311027753786E-003   1.7347839454845695E-003
  -14.000000000000000        1.8655989203434364E-003  -1.0348860131776088E-003  -8.0160818678898433E-004   3.4012745003882145E-003   1.6173867704498835E-003   1.7167404015040551E-003
  -12.000000000000000        2.0830455702974815E-003  -1.3957000383560618E-003  -1.2519146010704103E-003   3.5783973019787871E-003   1.6590301490072466E-003   1.6747031677340797E-003
  -10.000000000000000        2.3655665606857612E-003  -1.7722916722311473E-003  -1.9121404567168556E-003   3.4871920743322809E-003   1.6831896030670682E-003   1.6417489391909958E-003
  -8.0000000000000000        2.6758336399335114E-003  -2.3161982759845180E-003  -2.9830375950702119E-003   3.7429047172747908E-003   1.7249133776277093E-003   1.5669257733830189E-003
  -6.0000000000000000        3.2917170738920865E-003  -2.3003391240789309E-003  -4.8281680440855311E-003   3.6881496775171964E-003   1.6076221735411675E-003   1.6281710146415389E-003
  -4.0000000000000000        5.3473960138844534E-003   7.8696616068629972E-004  -8.0351928448181339E-003   3.7039443904620475E-003   1.5190932012231996E-003   1.7411539818858977E-003
  -2.0000000000000000        8.0947385114054082E-003   1.2223179289151211E-002  -1.0359367787848132E-002   3.7481416786382992E-003   1.6627402735234641E-003   1.8292314016381064E-003
   0.0000000000000000        1.4059096332370680E-002   2.5053706918259113E-002   7.5962409001921336E-005   3.8252692064629930E-003   1.7138052770339298E-003   1.7303017594027005E-003
   2.0000000000000000        8.0662209583490796E-003   1.2381400184773699E-002   1.0464368963478949E-002   3.7484529480711747E-003   1.7126017308431575E-003   1.7677829110747220E-003
   4.0000000000000000        5.3799074827503013E-003   1.0424231555647289E-003   8.0800641425610598E-003   3.7168067947455207E-003   1.6555799156276307E-003   1.7932276734016019E-003
   6.0000000000000000        3.2622230000517449E-003  -2.2162900522037067E-003   4.8022203456967458E-003   3.9351756224693677E-003   1.6427903211316175E-003   1.8058413080946855E-003
   8.0000000000000000        2.4671313039872356E-003  -2.4679308106668940E-003   2.8767670950561458E-003   4.0057196859658818E-003   1.6071473270212664E-003   1.7661360144500600E-003
   10.000000000000000        1.7817848858631136E-003  -1.9925389157810520E-003   1.9231074986532841E-003   4.1941973055453600E-003   1.5946086770637035E-003   1.7544626354605445E-003
   12.000000000000000        1.1512406443493495E-003  -1.5480030936884663E-003   1.3430439689139583E-003   3.9983590364739193E-003   1.5859440756626109E-003   1.8115150252095702E-003
   14.000000000000000        8.4693173158056911E-004  -1.1809162679839412E-003   1.0385994957305654E-003   3.9241993780124119E-003   1.6768590614392404E-003   1.7686093345562223E-003
   16.000000000000000        4.9206564391823804E-004  -8.3115662799153420E-004   8.1986080705679406E-004   3.9632114328718151E-003   1.6426438983395044E-003   1.6089215690159341E-003
   18.000000000000000        5.9703936341470865E-005  -6.1101263810720008E-004   6.8077085271038519E-004   3.7106384416492840E-003   1.5400978756277656E-003   1.6379526257199707E-003
   20.000000000000000       -2.0835428742149720E-004  -4.0676200236046856E-004   6.1520204386007835E-004   3.7118612794986962E-003   1.5940682244343870E-003   1.6968626816715462E-003
   22.000000000000000        5.9029130545784625E-005  -2.9842840832125132E-004   4.8550535912606754E-004   3.6790907299478616E-003   1.6787043334051358E-003   1.6147695681597658E-003
   24.000000000000000        2.5046104221138066E-004  -2.8490954377317375E-004   3.9039367476797040E-004   3.7102796039179091E-003   1.7211753054818635E-003   1.5468802385248000E-003
   26.000000000000000        4.4278455663515626E-004  -3.1858964108817043E-004   2.6731362622187934E-004   3.8860244960103622E-003   1.6534497550965662E-003   1.5977422451794036E-003
   28.000000000000000        4.1037658856424297E-004  -4.2482032542464276E-004   1.5305229155580021E-004   3.9105895441002647E-003   1.7202822578318917E-003   1.5917791880574071E-003
   30.000000000000000        4.5026523228741677E-004  -4.7593850689261222E-004   7.1089678934892339E-005   3.7628754930544264E-003   1.6200371990726702E-003   1.6232950695071265E-003
   32.000000000000000        6.3803723499000764E-004  -3.6515176376539010E-004   4.0065708876501651E-005   3.6454162560383349E-003   1.6191103468620645E-003   1.7392293205570444E-003
   34.000000000000000        5.5902040757704885E-004  -3.3708990969398388E-004  -3.6168326764429307E-005   3.8977387413618569E-003   1.6408710752001698E-003   1.7699054404367836E-003
   36.000000000000000        4.2809438808955047E-004  -2.9549723691432868E-004  -1.1547817507341119E-004   3.7750871182970595E-003   1.6169709085082013E-003   1.7152014194646782E-003
   38.000000000000000        2.7749557693290683E-004  -2.8160663316925574E-004  -1.3343364528979384E-004   3.8357568681726979E-003   1.6503143288702086E-003   1.7159427386737153E-003
   40.000000000000000        9.4920796142372588E-005  -2.7868698849301595E-004  -1.2154850273226525E-004   3.8756252947446316E-003   1.7413802836252162E-003   1.6597409330514768E-003
   42.000000000000000        5.4683771104624412E-006  -2.3319759911352456E-004  -1.2905217662781827E-004   3.8158726541399736E-003   1.6925781263295585E-003   1.5681088028405273E-003
   44.000000000000000        1.0210838911872688E-004  -2.4855985436513038E-004  -1.6909334853179166E-004   3.7150284179022957E-003   1.7150114075675238E-003   1.5659469111612499E-003
