  0.59999999999999998        0.0000000000000000       0.73278836800049785     
  0.59999999999999998       0.50000000000000000       0.72815980943835767     
  0.59999999999999998        1.0000000000000000       0.72187077858162041     
  0.59999999999999998        1.2500000000000000       0.71720481999159369     
  0.59999999999999998        1.5000000000000000       0.71558273854280763     
  0.59999999999999998        2.0000000000000000       0.70592993686795413     
  0.59999999999999998        2.5000000000000000       0.69059451720459730     
  0.59999999999999998        3.0000000000000000       0.67431544610027627     
   
  0.60739999999999994        0.0000000000000000       0.78950932016476882     
  0.60739999999999994       0.50000000000000000       0.78535311751737813     
  0.60739999999999994        1.0000000000000000       0.77997878739430393     
  0.60739999999999994        1.2500000000000000       0.77524294116441961     
  0.60739999999999994        1.5000000000000000       0.77339124196228803     
  0.60739999999999994        2.0000000000000000       0.76259265130942600     
  0.60739999999999994        2.5000000000000000       0.74552793440589016     
  0.60739999999999994        3.0000000000000000       0.72691319543727384     
   
  0.61480000000000001        0.0000000000000000       0.85359487251865784     
  0.61480000000000001       0.50000000000000000       0.84995554918387628     
  0.61480000000000001        1.0000000000000000       0.84554823622596198     
  0.61480000000000001        1.2500000000000000       0.84067789344309973     
  0.61480000000000001        1.5000000000000000       0.83848578664987772     
  0.61480000000000001        2.0000000000000000       0.82620464459099030     
  0.61480000000000001        2.5000000000000000       0.80702266311283066     
  0.61480000000000001        3.0000000000000000       0.78560859024333529     
   
  0.62219999999999998        0.0000000000000000       0.92634161812765292     
  0.62219999999999998       0.50000000000000000       0.92326126130871711     
  0.62219999999999998        1.0000000000000000       0.91985581632971225     
  0.62219999999999998        1.2500000000000000       0.91475985200662724     
  0.62219999999999998        1.5000000000000000       0.91207967511483479     
  0.62219999999999998        2.0000000000000000       0.89788247230148355     
  0.62219999999999998        2.5000000000000000       0.87609789194098786     
  0.62219999999999998        3.0000000000000000       0.85131670704012019     
   
  0.62959999999999994        0.0000000000000000        1.0093344675546430     
  0.62959999999999994       0.50000000000000000        1.0068488552391355     
  0.62959999999999994        1.0000000000000000        1.0044509474835885     
  0.62959999999999994        1.2500000000000000       0.99900194135018516     
  0.62959999999999994        1.5000000000000000       0.99563699876702372     
  0.62959999999999994        2.0000000000000000       0.97896407191584633     
  0.62959999999999994        2.5000000000000000       0.95396718103353562     
  0.62959999999999994        3.0000000000000000       0.92512066763094891     
   
  0.63700000000000001        0.0000000000000000        1.1045244745941505     
  0.63700000000000001       0.50000000000000000        1.1026570505307749     
  0.63700000000000001        1.0000000000000000        1.1012258718755459     
  0.63700000000000001        1.2500000000000000        1.0952466066806770     
  0.63700000000000001        1.5000000000000000        1.0909347202442727     
  0.63700000000000001        2.0000000000000000        1.0710610870333874     
  0.63700000000000001        2.5000000000000000        1.0420824723687023     
  0.63700000000000001        3.0000000000000000        1.0083081783591588     
   
  0.64439999999999997        0.0000000000000000        1.2143315214687611     
  0.64439999999999997       0.50000000000000000        1.2130841249008910     
  0.64439999999999997        1.0000000000000000        1.2125069062313363     
  0.64439999999999997        1.2500000000000000        1.2057516192480049     
  0.64439999999999997        1.5000000000000000        1.2001427352657157     
  0.64439999999999997        2.0000000000000000        1.1761256018338782     
  0.64439999999999997        2.5000000000000000        1.1421896710823702     
  0.64439999999999997        3.0000000000000000        1.1024172727835257     
   
  0.65179999999999993        0.0000000000000000        1.3417810951296061     
  0.65179999999999993       0.50000000000000000        1.3411197792246745     
  0.65179999999999993        1.0000000000000000        1.3411742275661536     
  0.65179999999999993        1.2500000000000000        1.3333024098589503     
  0.65179999999999993        1.5000000000000000        1.3259279058159197     
  0.65179999999999993        2.0000000000000000        1.2965358358717554     
  0.65179999999999993        2.5000000000000000        1.2563992747987041     
  0.65179999999999993        3.0000000000000000        1.2092939013613710     
   
  0.65920000000000001        0.0000000000000000        1.4906883205142853     
  0.65920000000000001       0.50000000000000000        1.4905216994984858     
  0.65920000000000001        1.0000000000000000        1.4908205000102173     
  0.65920000000000001        1.2500000000000000        1.4813600231793980     
  0.65920000000000001        1.5000000000000000        1.4715903262249221     
  0.65920000000000001        2.0000000000000000        1.4352069768473337     
  0.65920000000000001        2.5000000000000000        1.3872767080159170     
  0.65920000000000001        3.0000000000000000        1.3311648675670313     
   
  0.66659999999999997        0.0000000000000000        1.6659082561872989     
  0.66659999999999997       0.50000000000000000        1.6660544108488966     
  0.66659999999999997        1.0000000000000000        1.6659628990067743     
  0.66659999999999997        1.2500000000000000        1.6542577211406420     
  0.66659999999999997        1.5000000000000000        1.6412433216585152     
  0.66659999999999997        2.0000000000000000        1.5957356098612461     
  0.66659999999999997        2.5000000000000000        1.5379586468561401     
  0.66659999999999997        3.0000000000000000        1.4707307751508503     
   
  0.67399999999999993        0.0000000000000000        1.8736802434936410     
  0.67399999999999993       0.50000000000000000        1.8738159630082569     
  0.67399999999999993        1.0000000000000000        1.8723293178974243     
  0.67399999999999993        1.2500000000000000        1.8574646941061588     
  0.67399999999999993        1.5000000000000000        1.8400533462974964     
  0.67399999999999993        2.0000000000000000        1.7825894280828980     
  0.67399999999999993        2.5000000000000000        1.7123038850934591     
  0.67399999999999993        3.0000000000000000        1.6312852500120809     
   
  0.68140000000000001        0.0000000000000000        2.1221075103989815     
  0.68140000000000001       0.50000000000000000        2.1216900066327256     
  0.68140000000000001        1.0000000000000000        2.1172487857969426     
  0.68140000000000001        1.2500000000000000        2.0979433245694783     
  0.68140000000000001        1.5000000000000000        2.0745627522645647     
  0.68140000000000001        2.0000000000000000        2.0013585187020118     
  0.68140000000000001        2.5000000000000000        1.9150904726091003     
  0.68140000000000001        3.0000000000000000        1.8168689112832583     
   
  0.68879999999999997        0.0000000000000000        2.4218340169075887     
  0.68879999999999997       0.50000000000000000        2.4199792739896524     
  0.68879999999999997        1.0000000000000000        2.4101900240441751     
  0.68879999999999997        1.2500000000000000        2.3846383385563752     
  0.68879999999999997        1.5000000000000000        2.3531284342327621     
  0.68879999999999997        2.0000000000000000        2.2590911702231380     
  0.68879999999999997        2.5000000000000000        2.1522753628864555     
  0.68879999999999997        3.0000000000000000        2.0324696499531085     
   
  0.69619999999999993        0.0000000000000000        2.7870132816975470     
  0.69619999999999993       0.50000000000000000        2.7823052555039465     
  0.69619999999999993        1.0000000000000000        2.7635132561233355     
  0.69619999999999993        1.2500000000000000        2.7291541162693558     
  0.69619999999999993        1.5000000000000000        2.6865243363860158     
  0.69619999999999993        2.0000000000000000        2.5647468535435793     
  0.69619999999999993        2.5000000000000000        2.4313392512516252     
  0.69619999999999993        3.0000000000000000        2.2842851119619052     
   
  0.70360000000000000        0.0000000000000000        3.2367164579766583     
  0.70360000000000000       0.50000000000000000        3.2269044959852038     
  0.70360000000000000        1.0000000000000000        3.1935331648953471     
  0.70360000000000000        1.2500000000000000        3.1467038683637898     
  0.70360000000000000        1.5000000000000000        3.0887784733441972     
  0.70360000000000000        2.0000000000000000        2.9298133558463277     
  0.70360000000000000        2.5000000000000000        2.7617485998141995     
  0.70360000000000000        3.0000000000000000        2.5800694433048807     
   
  0.71099999999999997        0.0000000000000000        3.7970127834121854     
  0.71099999999999997       0.50000000000000000        3.7785255980025427     
  0.71099999999999997        1.0000000000000000        3.7220424053434651     
  0.71099999999999997        1.2500000000000000        3.6574569722643990     
  0.71099999999999997        1.5000000000000000        3.5783498862150678     
  0.71099999999999997        2.0000000000000000        3.3691564509515604     
  0.71099999999999997        2.5000000000000000        3.1555804511084897     
  0.71099999999999997        3.0000000000000000        2.9295951874366639     
   
  0.71839999999999993        0.0000000000000000        4.5040987566286965     
  0.71839999999999993       0.50000000000000000        4.4712522412889566     
  0.71839999999999993        1.0000000000000000        4.3785274093324258     
  0.71839999999999993        1.2500000000000000        4.2884779231594425     
  0.71839999999999993        1.5000000000000000        4.1798050903060817     
  0.71839999999999993        2.0000000000000000        3.9022028835072606     
  0.71839999999999993        2.5000000000000000        3.6283757343066791     
  0.71839999999999993        3.0000000000000000        3.3452740186793033     
   
  0.72580000000000000        0.0000000000000000        5.4090966568515295     
  0.72580000000000000       0.50000000000000000        5.3527811813286492     
  0.72580000000000000        1.0000000000000000        5.2034421780071991     
  0.72580000000000000        1.2500000000000000        5.0765580607690239     
  0.72580000000000000        1.5000000000000000        4.9262392004391176     
  0.72580000000000000        2.0000000000000000        4.5546071426722392     
  0.72580000000000000        2.5000000000000000        4.2003168242965989     
  0.72580000000000000        3.0000000000000000        3.8429987248325004     
   
  0.73319999999999996        0.0000000000000000        6.5855696709666267     
  0.73319999999999996       0.50000000000000000        6.4910340651932605     
  0.73319999999999996        1.0000000000000000        6.2531279694532005     
  0.73319999999999996        1.2500000000000000        6.0724171016382167     
  0.73319999999999996        1.5000000000000000        5.8628246687069883     
  0.73319999999999996        2.0000000000000000        5.3606298608049139     
  0.73319999999999996        2.5000000000000000        4.8978706266420540     
  0.73319999999999996        3.0000000000000000        4.4432965832638134     
   
  0.74059999999999993        0.0000000000000000        8.1415657007829711     
  0.74059999999999993       0.50000000000000000        7.9845977042239715     
  0.74059999999999993        1.0000000000000000        7.6073431174155122     
  0.74059999999999993        1.2500000000000000        7.3470442711160562     
  0.74059999999999993        1.5000000000000000        7.0520961943787457     
  0.74059999999999993        2.0000000000000000        6.3665779611834381     
  0.74059999999999993        2.5000000000000000        5.7561083083478586     
  0.74059999999999993        3.0000000000000000        5.1729258255582735     
   
  0.74800000000000000        0.0000000000000000        10.239412263385814     
  0.74800000000000000       0.50000000000000000        9.9796001526983371     
  0.74800000000000000        1.0000000000000000        9.3810189560626487     
  0.74800000000000000        1.2500000000000000        9.0014464044507498     
  0.74800000000000000        1.5000000000000000        8.5819571414679867     
  0.74800000000000000        2.0000000000000000        7.6358531915754746     
  0.74800000000000000        2.5000000000000000        6.8220215201206846     
  0.74800000000000000        3.0000000000000000        6.0671099317651720     
   
  0.75539999999999996        0.0000000000000000        13.129167376140799     
  0.75539999999999996       0.50000000000000000        12.697698932459032     
  0.75539999999999996        1.0000000000000000        11.743014139082071     
  0.75539999999999996        1.2500000000000000        11.181935171196679     
  0.75539999999999996        1.5000000000000000        10.578035192072960     
  0.75539999999999996        2.0000000000000000        9.2564770566928392     
  0.75539999999999996        2.5000000000000000        8.1593267754166448     
  0.75539999999999996        3.0000000000000000        7.1727014386498587     
   
  0.76279999999999992        0.0000000000000000        17.206909799584992     
  0.76279999999999992       0.50000000000000000        16.483827219396204     
  0.76279999999999992        1.0000000000000000        14.946745623988033     
  0.76279999999999992        1.2500000000000000        14.104625310259616     
  0.76279999999999992        1.5000000000000000        13.223135003276136     
  0.76279999999999992        2.0000000000000000        11.352495694776644     
  0.76279999999999992        2.5000000000000000        9.8555255740600209     
  0.76279999999999992        3.0000000000000000        8.5527181308076266     
   
  0.77020000000000000        0.0000000000000000        23.119835510757497     
  0.77020000000000000       0.50000000000000000        21.890225756610111     
  0.77020000000000000        1.0000000000000000        19.381521046066965     
  0.77020000000000000        1.2500000000000000        18.095629897320123     
  0.77020000000000000        1.5000000000000000        16.788536214637123     
  0.77020000000000000        2.0000000000000000        14.101578770798771     
  0.77020000000000000        2.5000000000000000        12.032438607293420     
  0.77020000000000000        3.0000000000000000        10.292933815016749     
   
  0.77759999999999996        0.0000000000000000        31.963091215059237     
  0.77759999999999996       0.50000000000000000        29.829543245217753     
  0.77759999999999996        1.0000000000000000        25.661026066544995     
  0.77759999999999996        1.2500000000000000        23.658730301919121     
  0.77759999999999996        1.5000000000000000        21.685553197369398     
  0.77759999999999996        2.0000000000000000        17.762708382021611     
  0.77759999999999996        2.5000000000000000        14.862182309878520     
  0.77759999999999996        3.0000000000000000        12.511590829840051     
   
  0.78499999999999992        0.0000000000000000        45.664493443868778     
  0.78499999999999992       0.50000000000000000        41.864746960760044     
  0.78499999999999992        1.0000000000000000        34.780678240149200     
  0.78499999999999992        1.2500000000000000        31.592561943088402     
  0.78499999999999992        1.5000000000000000        28.552691960201010     
  0.78499999999999992        2.0000000000000000        22.720667070378308     
  0.78499999999999992        2.5000000000000000        18.591828348413696     
  0.78499999999999992        3.0000000000000000        15.373931200784517     
   
  0.79239999999999999        0.0000000000000000        67.773590259807406     
  0.79239999999999999       0.50000000000000000        60.782364354907259     
  0.79239999999999999        1.0000000000000000        48.407239113182825     
  0.79239999999999999        1.2500000000000000        43.199949987564274     
  0.79239999999999999        1.5000000000000000        38.407200966932393     
  0.79239999999999999        2.0000000000000000        29.559163794449766     
  0.79239999999999999        2.5000000000000000        23.582190983832465     
  0.79239999999999999        3.0000000000000000        19.114292396435232     
   
  0.79979999999999996        0.0000000000000000        105.17112236634301     
  0.79979999999999996       0.50000000000000000        91.782628448179622     
  0.79979999999999996        1.0000000000000000        69.432629221902260     
  0.79979999999999996        1.2500000000000000        60.674915251172727     
  0.79979999999999996        1.5000000000000000        52.916903045453225     
  0.79979999999999996        2.0000000000000000        39.184048915659631     
  0.79979999999999996        2.5000000000000000        30.370093379290932     
  0.79979999999999996        3.0000000000000000        24.070295226497798     
   
  0.80719999999999992        0.0000000000000000        172.01219815383618     
  0.80719999999999992       0.50000000000000000        145.09117140949536     
  0.80719999999999992        1.0000000000000000        103.07919286600203     
  0.80719999999999992        1.2500000000000000        87.845926808793394     
  0.80719999999999992        1.5000000000000000        57.992602911781901     
  0.80719999999999992        2.0000000000000000        44.176459097689992     
  0.80719999999999992        2.5000000000000000        33.375705169937405     
  0.80719999999999992        3.0000000000000000        26.727856455061698     
   
  0.81459999999999999        0.0000000000000000        299.50552357166032     
  0.81459999999999999       0.50000000000000000        242.06522403962967     
  0.81459999999999999        1.0000000000000000        159.21394663715756     
  0.81459999999999999        1.2500000000000000        131.66529366185557     
  0.81459999999999999        1.5000000000000000        64.275000348891240     
  0.81459999999999999        2.0000000000000000        49.270597614760405     
  0.81459999999999999        2.5000000000000000        36.485457705706487     
  0.81459999999999999        3.0000000000000000        29.470376600681895     
   
  0.82199999999999995        0.0000000000000000        562.30650941760291     
  0.82199999999999995       0.50000000000000000        430.55329328221899     
  0.82199999999999995        1.0000000000000000        257.46435725089577     
  0.82199999999999995        1.2500000000000000        205.33939061481075     
  0.82199999999999995        1.5000000000000000        69.770330515940486     
  0.82199999999999995        2.0000000000000000        53.673095614978827     
  0.82199999999999995        2.5000000000000000        39.595210241475527     
  0.82199999999999995        3.0000000000000000        32.212896746302050     
   
  0.82940000000000003        0.0000000000000000        1157.2280844109991     
  0.82940000000000003       0.50000000000000000        826.96800561956627     
  0.82940000000000003        1.0000000000000000        439.24723858913450     
  0.82940000000000003        1.2500000000000000        335.27071996338935     
  0.82940000000000003        1.5000000000000000        73.140579053827778     
  0.82940000000000003        2.0000000000000000        56.208164219697139     
  0.82940000000000003        2.5000000000000000        42.704962777244610     
  0.82940000000000003        3.0000000000000000        34.955416891922248     
   
  0.83679999999999999        0.0000000000000000        2667.7626458660911     
  0.83679999999999999       0.50000000000000000        1743.7041952576606     
  0.83679999999999999        1.0000000000000000        798.12824328751117     
  0.83679999999999999        1.2500000000000000        577.42286323711119     
  0.83679999999999999        1.5000000000000000        76.510827591715014     
  0.83679999999999999        2.0000000000000000        58.743232824415408     
  0.83679999999999999        2.5000000000000000        45.814715313013650     
  0.83679999999999999        3.0000000000000000        37.697937037542403     
   
  0.84419999999999995        0.0000000000000000        7092.0580644770689     
  0.84419999999999995       0.50000000000000000        4124.1783671398607     
  0.84419999999999995        1.0000000000000000        1562.9890149762937     
  0.84419999999999995        1.2500000000000000        1058.6897062053006     
  0.84419999999999995        1.5000000000000000        79.881076129602263     
  0.84419999999999995        2.0000000000000000        61.278301429133684     
  0.84419999999999995        2.5000000000000000        48.924467848782683     
  0.84419999999999995        3.0000000000000000        40.440457183162565     
   
  0.85159999999999991        0.0000000000000000        22626.401121190298     
  0.85159999999999991       0.50000000000000000        11260.630265535256     
  0.85159999999999991        1.0000000000000000        3348.7592139588342     
  0.85159999999999991        1.2500000000000000        2090.2515996611796     
  0.85159999999999991        1.5000000000000000        82.934083734630889     
  0.85159999999999991        2.0000000000000000        63.518665839031179     
  0.85159999999999991        2.5000000000000000        51.533380401141109     
  0.85159999999999991        3.0000000000000000        42.863599999999991     
   
  0.85899999999999999        0.0000000000000000        91648.592127105148     
  0.85899999999999999       0.50000000000000000        36912.280901959748     
  0.85899999999999999        1.0000000000000000        8002.9970220136202     
  0.85899999999999999        1.2500000000000000        4508.7656766075052     
  0.85899999999999999        1.5000000000000000        84.837092958047066     
  0.85899999999999999        2.0000000000000000        64.690727542703328     
  0.85899999999999999        2.5000000000000000        52.326748013635971     
  0.85899999999999999        3.0000000000000000        44.128999999999998     
   
  0.86640000000000006        0.0000000000000000        511642.79699313320     
  0.86640000000000006       0.50000000000000000        153461.60571800169     
  0.86640000000000006        1.0000000000000000        21880.196964458788     
  0.86640000000000006        1.2500000000000000        10823.453477429764     
  0.86640000000000006        1.5000000000000000        86.740102181463243     
  0.86640000000000006        2.0000000000000000        65.862789246375485     
  0.86640000000000006        2.5000000000000000        53.120115626130833     
  0.86640000000000006        3.0000000000000000        45.394400000000012     
   
  0.87379999999999991        0.0000000000000000        4459435.7654626518     
  0.87379999999999991       0.50000000000000000        875977.34970622859     
  0.87379999999999991        1.0000000000000000        70785.894273168669     
  0.87379999999999991        1.2500000000000000        29617.023459619828     
  0.87379999999999991        1.5000000000000000        88.100609203171203     
  0.87379999999999991        2.0000000000000000        66.859332375867666     
  0.87379999999999991        2.5000000000000000        53.938508336958371     
  0.87379999999999991        3.0000000000000000        46.175933333333326     
   
  0.88119999999999998        0.0000000000000000        74033989.431705073     
  0.88119999999999998       0.50000000000000000        7732793.1396087492     
  0.88119999999999998        1.0000000000000000        283768.03539436549     
  0.88119999999999998        1.2500000000000000        95360.837366970562     
  0.88119999999999998        1.5000000000000000        88.947166770629337     
  0.88119999999999998        2.0000000000000000        67.689594750873638     
  0.88119999999999998        2.5000000000000000        54.780609035680058     
  0.88119999999999998        3.0000000000000000        46.499066666666664     
   
  0.88860000000000006        0.0000000000000000        1000000000.0000000     
  0.88860000000000006       0.50000000000000000        127289279.65678938     
  0.88860000000000006        1.0000000000000000        1503747.1142736597     
  0.88860000000000006        1.2500000000000000        377124.83606001170     
  0.88860000000000006        1.5000000000000000        89.793724338087486     
  0.88860000000000006        2.0000000000000000        68.519857125879597     
  0.88860000000000006        2.5000000000000000        55.622709734401745     
  0.88860000000000006        3.0000000000000000        46.822200000000002     
   
  0.89600000000000002        0.0000000000000000        1000000000.0000000     
  0.89600000000000002       0.50000000000000000        1000000000.0000000     
  0.89600000000000002        1.0000000000000000        11566423.412130760     
  0.89600000000000002        1.2500000000000000        1944033.4596298789     
  0.89600000000000002        1.5000000000000000        90.640281905545621     
  0.89600000000000002        2.0000000000000000        69.350119500885540     
  0.89600000000000002        2.5000000000000000        56.464810433123418     
  0.89600000000000002        3.0000000000000000        47.145333333333333     
   
  0.90339999999999998        0.0000000000000000        1000000000.0000000     
  0.90339999999999998       0.50000000000000000        1000000000.0000000     
  0.90339999999999998        1.0000000000000000        148623834.26728493     
  0.90339999999999998        1.2500000000000000        14218635.619235162     
  0.90339999999999998        1.5000000000000000        92.031948892172736     
  0.90339999999999998        2.0000000000000000        70.641417226816415     
  0.90339999999999998        2.5000000000000000        57.551266666666663     
  0.90339999999999998        3.0000000000000000        47.791466666666658     
   
  0.91080000000000005        0.0000000000000000        1000000000.0000000     
  0.91080000000000005       0.50000000000000000        1000000000.0000000     
  0.91080000000000005        1.0000000000000000        1000000000.0000000     
  0.91080000000000005        1.2500000000000000        167251735.90843463     
  0.91080000000000005        1.5000000000000000        94.064921077822234     
  0.91080000000000005        2.0000000000000000        72.475109483247223     
  0.91080000000000005        2.5000000000000000        58.925200000000004     
  0.91080000000000005        3.0000000000000000        48.817599999999999     
   
  0.91820000000000002        0.0000000000000000        1000000000.0000000     
  0.91820000000000002       0.50000000000000000        1000000000.0000000     
  0.91820000000000002        1.0000000000000000        1000000000.0000000     
  0.91820000000000002        1.2500000000000000        1000000000.0000000     
  0.91820000000000002        1.5000000000000000        96.097893263471704     
  0.91820000000000002        2.0000000000000000        74.308801739678003     
  0.91820000000000002        2.5000000000000000        60.299133333333330     
  0.91820000000000002        3.0000000000000000        49.843733333333326     
   
  0.92559999999999998        0.0000000000000000        1000000000.0000000     
  0.92559999999999998       0.50000000000000000        1000000000.0000000     
  0.92559999999999998        1.0000000000000000        1000000000.0000000     
  0.92559999999999998        1.2500000000000000        1000000000.0000000     
  0.92559999999999998        1.5000000000000000        98.130865449121160     
  0.92559999999999998        2.0000000000000000        76.142493996108769     
  0.92559999999999998        2.5000000000000000        61.673066666666656     
  0.92559999999999998        3.0000000000000000        50.869866666666653     
   
  0.93300000000000005        0.0000000000000000        1000000000.0000000     
  0.93300000000000005       0.50000000000000000        1000000000.0000000     
  0.93300000000000005        1.0000000000000000        1000000000.0000000     
  0.93300000000000005        1.2500000000000000        1000000000.0000000     
  0.93300000000000005        1.5000000000000000        99.967233296417120     
  0.93300000000000005        2.0000000000000000        77.633658461509427     
  0.93300000000000005        2.5000000000000000        62.830500000000008     
  0.93300000000000005        3.0000000000000000        51.850499999999997     
   
  0.94040000000000001        0.0000000000000000        1000000000.0000000     
  0.94040000000000001       0.50000000000000000        1000000000.0000000     
  0.94040000000000001        1.0000000000000000        1000000000.0000000     
  0.94040000000000001        1.2500000000000000        1000000000.0000000     
  0.94040000000000001        1.5000000000000000        101.51524811412787     
  0.94040000000000001        2.0000000000000000        78.622448833399162     
  0.94040000000000001        2.5000000000000000        63.670400000000008     
  0.94040000000000001        3.0000000000000000        52.764400000000002     
   
  0.94779999999999998        0.0000000000000000        1000000000.0000000     
  0.94779999999999998       0.50000000000000000        1000000000.0000000     
  0.94779999999999998        1.0000000000000000        1000000000.0000000     
  0.94779999999999998        1.2500000000000000        1000000000.0000000     
  0.94779999999999998        1.5000000000000000        103.06326293183864     
  0.94779999999999998        2.0000000000000000        79.611239205288882     
  0.94779999999999998        2.5000000000000000        64.510300000000001     
  0.94779999999999998        3.0000000000000000        53.678300000000007     
   
  0.95520000000000005        0.0000000000000000        1000000000.0000000     
  0.95520000000000005       0.50000000000000000        1000000000.0000000     
  0.95520000000000005        1.0000000000000000        1000000000.0000000     
  0.95520000000000005        1.2500000000000000        1000000000.0000000     
  0.95520000000000005        1.5000000000000000        104.65548405217567     
  0.95520000000000005        2.0000000000000000        80.292634949269825     
  0.95520000000000005        2.5000000000000000        64.856200000000001     
  0.95520000000000005        3.0000000000000000        53.986400000000003     
   
  0.96260000000000001        0.0000000000000000        1000000000.0000000     
  0.96260000000000001       0.50000000000000000        1000000000.0000000     
  0.96260000000000001        1.0000000000000000        1000000000.0000000     
  0.96260000000000001        1.2500000000000000        1000000000.0000000     
  0.96260000000000001        1.5000000000000000        106.26640783900839     
  0.96260000000000001        2.0000000000000000        80.843979119904731     
  0.96260000000000001        2.5000000000000000        64.993099999999998     
  0.96260000000000001        3.0000000000000000        54.038200000000003     
   
  0.96999999999999997        0.0000000000000000        1000000000.0000000     
  0.96999999999999997       0.50000000000000000        1000000000.0000000     
  0.96999999999999997        1.0000000000000000        1000000000.0000000     
  0.96999999999999997        1.2500000000000000        1000000000.0000000     
  0.96999999999999997        1.5000000000000000        107.87733162584114     
  0.96999999999999997        2.0000000000000000        81.395323290539622     
  0.96999999999999997        2.5000000000000000        65.129999999999995     
  0.96999999999999997        3.0000000000000000        54.090000000000003     
   
