0.60	0.0	0.74525673675237869	4.9040453059332294E-002
0.65    0.0     1.3291606850808111	2.7809249572550997E-002
0.70	0.0	2.9687560939663049	1.2377809883160437E-002
0.72    0.0     4.5065944130554589	7.9284441040143698E-003
0.75	0.0	10.854624057246880	3.2179393846671948E-003
0.77	0.0	24.378895661862831	1.2984070811325344E-003
0.78	0.0	39.775645348201017
0.79    0.0     65.846923924583777      3.5876446216266211E-004
0.80    0.0	104.27182142647756	1.4244510952346126E-004
#0.81    0.0     141.83589977471919
#0.82    0.0     160.25932186230162
#0.82	0.0	149.22677457813984
